211 320 201 333 166 307 175 294 ship 0.99
313 426 303 437 252 392 263 380 ship 0.98
29 185 38 176 79 215 70 224 ship 0.98
95 79 106 46 287 107 276 140 ship 0.96
423 376 430 374 435 395 428 397 ship 0.78
419 183 428 155 512 188 512 216 ship 0.58
410 343 416 341 422 365 415 366 ship 0.48
278 3 281 0 320 6 317 15 ship 0.36
199 111 209 112 205 142 194 140 ship 0.26
135 2 137 0 185 10 183 17 ship 0.19
411 2 413 0 436 3 434 10 ship 0.14
209 2 213 0 320 26 316 38 ship 0.11
505 28 502 38 439 14 442 5 ship 0.1
312 52 306 68 182 22 188 6 ship 0.08
441 296 451 296 451 325 440 325 ship 0.07
30 25 30 16 41 16 41 25 ship 0.07
342 5 346 0 428 25 424 36 ship 0.06
