225 141 208 131 268 32 285 42 ship 0.99
375 361 390 387 281 447 266 422 ship 0.99
313 265 304 260 323 222 332 227 ship 0.98
475 83 477 68 512 73 512 88 ship 0.75
411 56 426 65 399 109 385 100 ship 0.68
311 209 317 213 307 229 301 225 ship 0.56
303 79 289 71 319 21 332 29 ship 0.55
333 186 320 178 376 93 388 101 ship 0.54
246 156 240 152 253 126 260 130 ship 0.42
212 172 206 168 223 144 228 148 ship 0.41
84 233 78 234 72 209 78 207 ship 0.18
264 135 269 138 255 161 250 158 ship 0.09
230 187 226 193 208 181 212 176 ship 0.07
223 512 222 503 260 498 261 506 ship 0.07
201 323 209 326 200 349 193 346 ship 0.07
373 144 364 139 382 106 391 110 ship 0.07
189 162 181 157 191 142 199 147 ship 0.07
228 158 236 162 227 177 220 173 ship 0.05
