403 462 409 454 437 473 431 481 ship 1.0
213 157 205 163 188 138 196 132 ship 1.0
430 315 423 320 405 295 412 289 ship 0.99
330 283 322 290 298 259 307 252 ship 0.92
109 46 120 38 138 61 127 70 ship 0.91
333 327 337 335 313 347 309 338 ship 0.9
111 25 104 30 83 1 90 0 ship 0.84
210 454 209 470 172 469 173 454 ship 0.78
309 334 306 328 326 318 329 325 ship 0.72
483 512 480 506 498 500 501 508 ship 0.54
265 229 260 232 250 218 255 214 ship 0.4
315 283 320 291 304 301 299 293 ship 0.27
300 243 294 248 277 225 283 221 ship 0.27
