177 328 180 316 222 327 219 338 ship 0.9
74 184 81 160 192 192 185 217 ship 0.87
79 376 86 375 91 395 84 397 ship 0.81
242 319 250 319 250 337 242 337 ship 0.45
231 324 240 326 237 342 229 341 ship 0.43
67 344 74 343 78 365 71 366 ship 0.42
160 28 156 37 95 14 98 5 ship 0.18
70 1 72 0 92 2 90 7 ship 0.15
512 361 505 363 499 339 507 337 ship 0.15
507 332 501 334 495 310 501 308 ship 0.14
512 416 502 419 493 379 504 377 ship 0.12
277 343 270 342 275 317 282 318 ship 0.1
492 354 499 352 502 368 495 369 ship 0.09
405 244 399 250 379 228 385 222 ship 0.08
496 285 490 286 487 265 492 264 ship 0.06
359 484 352 488 342 470 349 466 ship 0.06
280 305 287 306 284 320 277 319 ship 0.06
248 286 249 276 265 277 264 287 ship 0.06
98 296 107 297 105 322 96 321 ship 0.05
