179 320 169 333 134 307 143 294 ship 0.99
281 426 271 437 220 392 231 380 ship 0.98
8 196 15 187 47 215 40 224 ship 0.98
62 79 73 46 254 106 243 139 ship 0.96
507 192 499 219 379 185 387 158 ship 0.9
391 376 398 374 403 395 396 397 ship 0.81
488 328 492 316 512 325 512 337 ship 0.58
377 343 384 342 390 365 383 366 ship 0.52
246 3 249 0 288 6 285 15 ship 0.36
167 111 177 112 173 142 162 140 ship 0.26
103 2 105 0 153 10 151 17 ship 0.19
382 1 384 0 404 2 402 8 ship 0.15
177 2 181 0 288 26 284 38 ship 0.11
0 183 6 175 20 185 15 193 ship 0.09
280 52 274 68 150 22 156 6 ship 0.08
512 152 512 181 383 141 392 112 ship 0.07
312 6 316 0 380 21 376 31 ship 0.06
419 322 410 322 409 295 418 295 ship 0.06
472 27 468 37 404 12 407 2 ship 0.06
