177 72 180 60 222 71 219 82 ship 0.93
79 120 86 119 91 139 84 141 ship 0.82
254 509 243 512 227 484 238 478 ship 0.64
244 63 252 63 251 81 243 81 ship 0.56
39 360 33 362 24 339 31 337 ship 0.53
232 68 240 69 238 86 229 85 ship 0.48
67 88 74 87 78 109 71 110 ship 0.36
507 76 501 78 495 53 501 52 ship 0.17
512 105 505 107 499 82 507 80 ship 0.15
261 35 260 44 244 43 245 34 ship 0.14
512 161 502 163 493 123 504 121 ship 0.14
492 98 499 96 502 112 495 113 ship 0.12
280 48 287 50 284 64 278 63 ship 0.11
97 40 107 41 105 67 95 67 ship 0.1
275 63 282 65 277 94 270 93 ship 0.08
0 238 9 235 19 270 6 273 ship 0.08
248 31 248 20 265 21 265 32 ship 0.07
252 481 247 483 242 471 247 469 ship 0.06
343 212 350 209 359 228 352 231 ship 0.05
