263 501 251 506 228 451 240 446 ship 0.97
220 40 217 52 174 41 177 29 ship 0.89
79 88 86 87 91 108 84 109 ship 0.82
39 328 33 330 24 307 31 305 ship 0.53
65 56 72 54 78 77 72 79 ship 0.39
231 36 240 38 238 54 229 53 ship 0.39
247 0 253 0 262 13 256 17 ship 0.37
242 31 250 31 250 49 242 49 ship 0.36
512 71 504 73 499 53 507 51 ship 0.15
508 43 500 44 491 6 500 4 ship 0.15
512 129 502 131 493 91 504 89 ship 0.14
492 66 499 64 502 80 495 81 ship 0.09
0 206 9 203 19 238 6 241 ship 0.08
275 30 282 31 278 58 271 57 ship 0.07
497 57 490 59 483 27 490 25 ship 0.07
231 431 237 430 240 442 234 443 ship 0.06
280 17 287 18 284 32 278 31 ship 0.05
343 180 350 177 359 196 352 199 ship 0.05
253 448 247 450 243 439 248 437 ship 0.05
