257 141 240 131 300 32 317 42 ship 0.99
407 361 421 387 313 448 298 422 ship 0.99
345 265 336 260 355 222 364 227 ship 0.98
443 57 457 65 431 109 417 101 ship 0.7
343 209 349 213 339 229 333 225 ship 0.56
334 81 320 73 351 21 364 29 ship 0.55
364 186 352 178 408 92 420 100 ship 0.54
278 156 272 152 285 126 292 130 ship 0.42
244 172 238 168 255 144 260 148 ship 0.41
115 233 109 234 105 209 110 208 ship 0.11
296 135 301 138 287 161 282 158 ship 0.09
262 187 258 193 240 181 244 176 ship 0.07
0 108 10 101 22 128 7 134 ship 0.07
255 512 254 503 292 498 293 506 ship 0.07
233 323 241 326 232 349 225 346 ship 0.07
221 162 213 157 223 142 231 147 ship 0.07
405 144 396 139 414 106 423 110 ship 0.07
260 158 268 162 259 177 252 173 ship 0.05
