369 481 366 490 327 476 330 467 ship 0.99
387 499 388 487 452 492 451 504 ship 0.98
338 413 330 407 370 353 379 359 ship 0.84
87 251 93 247 103 266 97 269 ship 0.8
485 399 486 408 455 410 455 402 ship 0.79
17 259 11 252 39 229 45 235 ship 0.77
13 231 9 224 35 210 39 217 ship 0.57
185 398 181 391 201 379 205 386 ship 0.48
382 387 385 379 436 398 433 406 ship 0.14
233 274 237 278 223 288 219 284 ship 0.11
9 242 6 237 31 221 34 225 ship 0.09
161 341 167 340 168 356 162 357 ship 0.08
186 351 180 352 179 341 185 340 ship 0.08
