147 462 153 454 181 473 175 481 ship 1.0
174 315 167 320 149 295 156 289 ship 1.0
74 283 66 289 43 258 51 252 ship 0.92
77 326 81 334 57 346 53 337 ship 0.88
53 335 50 328 70 318 73 325 ship 0.68
240 499 244 507 228 512 224 509 ship 0.51
45 243 39 248 23 226 29 221 ship 0.37
506 43 512 52 487 70 481 62 ship 0.31
292 512 283 512 268 485 277 481 ship 0.3
66 291 57 296 36 260 45 255 ship 0.26
0 213 3 212 8 231 3 233 ship 0.15
58 297 51 301 32 268 38 264 ship 0.14
35 383 37 390 26 393 24 386 ship 0.07
