485 432 486 439 455 441 455 434 ship 0.87
370 385 379 391 338 447 329 440 ship 0.83
87 283 93 279 103 298 97 301 ship 0.8
17 291 11 284 39 261 45 267 ship 0.77
13 263 9 256 35 242 39 249 ship 0.57
185 430 181 423 201 411 205 418 ship 0.52
328 506 330 500 367 511 365 512 ship 0.3
382 419 385 410 436 430 433 439 ship 0.22
233 306 237 310 223 320 219 316 ship 0.11
9 274 6 269 31 253 34 257 ship 0.09
186 383 180 384 179 373 185 372 ship 0.07
161 373 167 372 168 388 162 389 ship 0.07
510 443 501 445 499 430 507 428 ship 0.05
