257 451 240 441 299 346 316 357 ship 0.99
441 367 457 376 427 425 412 415 ship 0.69
401 418 412 426 363 501 351 493 ship 0.42
285 438 293 442 279 469 271 465 ship 0.35
245 484 239 480 255 457 261 460 ship 0.28
334 393 321 385 349 335 362 342 ship 0.22
22 81 32 87 0 141 0 135 ship 0.21
14 230 24 230 24 258 15 258 ship 0.17
267 505 263 510 242 495 245 489 ship 0.13
233 162 239 157 250 171 244 176 ship 0.11
296 447 301 450 289 471 284 468 ship 0.1
413 419 422 423 405 458 396 453 ship 0.05
262 472 271 478 263 490 254 484 ship 0.05
246 434 253 437 247 451 240 448 ship 0.05
