401 481 398 490 359 476 362 467 ship 0.99
419 499 420 487 484 492 483 504 ship 0.97
119 250 126 247 135 266 129 269 ship 0.84
370 413 362 407 402 353 411 359 ship 0.84
487 408 488 400 512 400 512 408 ship 0.63
48 259 43 252 72 228 77 235 ship 0.58
44 231 40 223 67 210 71 217 ship 0.5
217 398 213 391 233 379 237 386 ship 0.48
467 396 463 406 408 386 411 376 ship 0.19
265 274 269 278 255 288 251 284 ship 0.11
193 341 199 340 200 356 194 357 ship 0.08
218 351 212 352 211 341 217 340 ship 0.08
61 143 53 144 52 126 60 126 ship 0.06
