58 106 70 132 0 166 0 141 ship 0.98
378 97 372 92 387 70 394 75 ship 0.86
397 71 392 68 404 50 409 53 ship 0.79
208 7 221 8 220 23 207 22 ship 0.49
153 302 145 319 75 290 82 272 ship 0.35
348 399 355 398 356 415 349 416 ship 0.22
408 47 400 42 427 2 435 7 ship 0.15
384 67 382 65 397 45 400 46 ship 0.15
503 512 496 510 501 487 509 489 ship 0.13
134 269 138 257 196 277 191 290 ship 0.11
372 89 369 88 383 66 386 68 ship 0.06
81 270 89 273 78 310 70 308 ship 0.06
257 141 249 143 245 114 253 113 ship 0.06
324 27 319 23 339 0 344 0 ship 0.05
