225 451 208 441 267 346 284 357 ship 0.99
474 394 477 378 512 385 512 401 ship 0.77
409 367 425 377 395 425 380 415 ship 0.7
369 418 380 426 331 501 320 493 ship 0.45
253 438 261 442 247 469 239 465 ship 0.35
213 484 207 480 223 457 229 460 ship 0.28
302 393 289 385 317 335 330 342 ship 0.22
235 505 231 510 210 495 213 489 ship 0.13
201 162 207 157 218 171 212 176 ship 0.11
264 447 269 450 257 471 252 468 ship 0.1
1 185 0 180 32 114 42 119 ship 0.08
381 419 390 423 373 457 364 453 ship 0.06
230 472 239 478 231 490 222 484 ship 0.05
214 434 221 437 215 451 208 448 ship 0.05
