305 339 313 330 347 357 339 367 ship 0.99
391 435 400 424 451 467 441 479 ship 0.97
336 13 339 2 376 13 373 24 ship 0.67
253 307 257 301 270 309 266 315 ship 0.48
233 0 245 0 242 47 230 46 ship 0.48
111 200 103 196 112 177 121 182 ship 0.42
51 123 48 132 36 128 39 119 ship 0.31
439 15 437 23 421 19 423 11 ship 0.3
396 11 400 4 419 14 415 22 ship 0.24
459 25 458 32 439 28 440 22 ship 0.23
422 30 419 40 383 28 386 19 ship 0.23
372 5 375 0 400 8 397 15 ship 0.16
0 438 5 428 48 455 41 465 ship 0.14
40 142 33 138 38 129 45 134 ship 0.13
293 3 294 0 326 7 325 12 ship 0.12
512 16 512 25 486 19 488 10 ship 0.11
455 45 453 52 437 48 438 41 ship 0.11
52 463 61 451 111 488 102 499 ship 0.11
512 43 511 53 465 37 468 27 ship 0.1
511 88 510 95 482 90 484 83 ship 0.1
508 154 505 162 479 152 482 144 ship 0.1
360 393 355 399 332 381 337 375 ship 0.06
