318 254 306 259 288 212 300 207 ship 1.0
58 101 51 111 16 84 24 74 ship 0.99
313 276 331 270 361 355 344 361 ship 0.98
103 178 112 168 163 212 153 222 ship 0.97
283 176 276 179 269 158 277 155 ship 0.96
439 59 443 54 457 63 454 69 ship 0.66
420 116 418 124 381 112 384 104 ship 0.65
213 305 203 309 188 276 198 272 ship 0.62
453 78 450 84 434 74 438 69 ship 0.58
293 122 282 120 292 77 303 79 ship 0.4
360 112 362 106 374 110 372 116 ship 0.21
409 127 407 131 381 119 383 115 ship 0.14
435 100 442 103 436 116 429 113 ship 0.11
476 0 486 0 480 27 469 24 ship 0.11
471 87 478 89 475 103 467 102 ship 0.07
504 46 512 47 508 73 500 71 ship 0.06
468 86 464 94 453 88 457 80 ship 0.06
74 139 69 146 44 127 50 120 ship 0.05
