228 466 217 465 225 407 235 408 ship 0.83
239 363 245 364 240 385 233 383 ship 0.76
181 213 189 203 228 236 219 247 ship 0.69
238 361 229 360 232 337 241 338 ship 0.67
238 288 246 289 243 311 235 310 ship 0.56
230 382 238 384 233 412 224 410 ship 0.55
242 341 234 339 238 311 247 313 ship 0.51
485 220 489 215 507 229 502 234 ship 0.5
34 501 41 499 45 512 37 512 ship 0.41
241 261 249 262 246 284 238 283 ship 0.32
512 252 507 259 478 236 483 230 ship 0.28
256 474 269 475 263 512 250 512 ship 0.2
417 167 422 161 436 171 431 178 ship 0.18
142 47 135 50 129 35 136 32 ship 0.11
478 244 475 250 465 245 469 239 ship 0.07
152 318 161 320 156 334 148 332 ship 0.06
476 207 471 213 440 187 446 181 ship 0.06
286 263 286 270 266 270 266 262 ship 0.05
285 243 284 250 265 247 267 240 ship 0.05
