49 340 58 330 91 357 83 367 ship 0.99
321 468 333 463 351 508 339 512 ship 0.99
135 435 144 424 195 467 185 479 ship 0.97
315 234 324 210 408 240 400 264 ship 0.97
315 432 308 435 301 414 309 411 ship 0.96
452 372 450 380 413 368 416 360 ship 0.68
80 13 83 2 120 13 117 24 ship 0.63
486 335 482 340 466 330 470 325 ship 0.57
489 319 485 325 471 316 475 310 ship 0.54
234 18 238 8 282 24 278 34 ship 0.46
183 15 181 23 165 19 166 11 ship 0.33
141 11 145 4 164 14 160 22 ship 0.31
325 377 313 373 325 332 337 336 ship 0.25
203 26 202 32 183 28 184 22 ship 0.24
166 30 163 40 127 28 130 19 ship 0.24
260 7 262 1 290 10 287 17 ship 0.23
407 367 405 373 391 369 393 363 ship 0.2
410 207 407 216 365 201 368 192 ship 0.17
500 342 495 350 484 343 488 336 ship 0.16
116 5 119 0 144 8 141 15 ship 0.16
285 3 287 0 312 9 310 14 ship 0.14
467 356 473 359 467 373 461 370 ship 0.14
1 303 10 304 8 316 0 314 ship 0.13
212 8 214 2 229 7 227 14 ship 0.13
182 47 184 40 200 45 198 52 ship 0.13
501 356 508 358 502 380 495 378 ship 0.12
441 383 439 387 413 376 415 371 ship 0.11
224 150 226 144 253 154 250 161 ship 0.09
37 3 39 0 71 7 69 12 ship 0.07
508 328 504 334 495 328 499 322 ship 0.07
238 2 239 0 263 4 262 8 ship 0.07
282 31 287 22 316 38 312 47 ship 0.07
104 393 99 399 75 381 81 375 ship 0.06
