207 82 192 99 109 29 124 12 ship 0.99
384 158 398 160 385 249 371 247 ship 0.99
252 98 234 89 290 0 308 0 ship 0.98
82 203 73 209 58 190 66 183 ship 0.93
399 105 411 106 403 161 392 159 ship 0.87
512 306 512 330 407 305 412 281 ship 0.67
210 311 204 316 192 304 199 298 ship 0.65
341 424 349 428 340 445 332 442 ship 0.57
127 250 131 244 143 253 139 259 ship 0.46
424 487 422 494 406 491 407 484 ship 0.34
275 374 267 377 262 364 271 361 ship 0.31
8 139 9 130 19 131 18 140 ship 0.31
36 7 56 18 18 89 0 78 ship 0.17
392 277 394 272 412 277 410 283 ship 0.11
512 47 506 55 475 30 482 21 ship 0.08
496 179 497 169 511 170 510 180 ship 0.08
392 168 384 168 384 156 393 157 ship 0.06
436 165 436 172 417 172 417 165 ship 0.06
