401 431 411 436 388 480 377 475 ship 1.0
131 475 140 466 180 508 171 512 ship 0.98
294 365 281 358 315 300 327 308 ship 0.96
351 286 344 281 366 251 373 256 ship 0.94
260 419 261 427 240 428 240 419 ship 0.92
128 248 112 263 55 201 71 187 ship 0.52
253 444 265 434 311 488 299 498 ship 0.26
218 218 208 213 223 184 233 189 ship 0.23
174 260 163 247 210 206 221 218 ship 0.17
285 153 277 150 286 126 294 130 ship 0.15
0 170 1 166 17 203 7 207 ship 0.13
375 256 384 262 356 301 348 296 ship 0.11
326 412 316 407 350 349 360 355 ship 0.06
325 129 333 131 329 159 321 158 ship 0.05
128 477 132 473 163 508 159 512 ship 0.05
