119 152 111 178 0 139 0 113 ship 0.97
512 6 512 23 483 46 472 29 ship 0.91
378 341 374 350 344 334 349 326 ship 0.9
510 374 507 381 489 373 492 367 ship 0.52
512 383 511 393 483 382 486 373 ship 0.16
177 1 176 7 160 5 161 0 ship 0.13
383 355 388 344 410 354 405 365 ship 0.13
477 382 474 388 447 375 450 369 ship 0.11
422 375 420 380 399 371 401 366 ship 0.1
437 384 434 391 420 385 423 378 ship 0.09
454 372 451 380 429 371 432 363 ship 0.09
2 208 5 202 33 214 30 220 ship 0.09
458 400 455 405 443 398 446 393 ship 0.07
