205 325 197 349 65 303 73 279 ship 0.99
40 158 55 160 41 248 26 246 ship 0.98
414 416 420 399 486 422 480 439 ship 0.89
59 158 49 157 56 102 66 104 ship 0.54
39 159 46 160 42 182 35 181 ship 0.39
79 488 78 495 61 491 62 484 ship 0.33
241 7 237 17 215 10 219 0 ship 0.29
143 1 149 0 184 22 178 30 ship 0.21
468 395 472 386 512 402 510 411 ship 0.17
238 22 237 29 228 28 229 21 ship 0.13
437 389 439 381 466 388 464 396 ship 0.13
254 18 258 21 247 39 243 36 ship 0.1
156 174 160 166 182 178 178 185 ship 0.07
410 399 403 419 330 397 337 377 ship 0.07
58 0 65 0 63 14 56 13 ship 0.06
304 36 295 35 297 23 305 24 ship 0.05
