163 107 182 117 120 227 101 216 ship 0.96
83 248 80 239 109 229 112 237 ship 0.71
41 54 31 36 89 3 99 20 ship 0.63
438 418 446 422 403 493 396 489 ship 0.54
123 0 128 8 100 18 95 5 ship 0.46
144 462 136 468 116 442 124 435 ship 0.46
441 427 433 422 467 368 475 373 ship 0.37
45 390 38 398 0 366 5 358 ship 0.24
512 121 510 125 492 102 496 99 ship 0.19
512 318 512 325 466 430 454 422 ship 0.14
299 505 293 503 297 492 303 494 ship 0.13
409 19 414 16 425 33 421 36 ship 0.13
168 125 162 124 163 99 169 99 ship 0.11
358 493 364 496 356 511 351 508 ship 0.11
59 378 63 372 73 379 69 385 ship 0.1
187 8 189 0 216 8 213 16 ship 0.08
198 508 188 512 119 477 128 463 ship 0.06
