228 497 217 495 225 440 235 442 ship 0.76
239 394 245 396 240 416 233 415 ship 0.73
181 245 189 235 228 268 219 279 ship 0.69
238 393 229 392 232 369 241 370 ship 0.66
238 320 246 321 243 343 235 342 ship 0.56
242 373 234 371 238 343 247 345 ship 0.51
485 252 489 247 507 261 502 266 ship 0.5
230 414 238 416 233 443 225 442 ship 0.46
241 293 249 294 246 316 238 315 ship 0.32
512 284 507 291 478 268 483 262 ship 0.28
417 199 422 193 436 203 431 210 ship 0.18
478 276 475 282 465 277 469 271 ship 0.07
152 350 161 352 156 366 148 364 ship 0.06
441 509 442 504 462 507 461 512 ship 0.06
476 239 471 245 440 219 446 213 ship 0.06
500 463 496 471 465 453 469 445 ship 0.05
286 295 286 302 266 302 266 294 ship 0.05
285 275 284 282 265 279 267 272 ship 0.05
