368 431 379 436 356 480 345 475 ship 1.0
99 475 108 466 148 508 139 512 ship 0.98
262 365 249 358 283 300 295 308 ship 0.96
319 286 312 281 334 251 341 256 ship 0.95
228 419 229 427 208 428 208 419 ship 0.92
95 248 79 262 20 197 36 182 ship 0.59
221 444 233 434 279 488 267 498 ship 0.26
186 218 176 213 191 184 201 189 ship 0.23
142 260 131 247 178 206 189 218 ship 0.17
253 153 245 150 254 126 262 130 ship 0.15
3 29 0 25 15 0 22 0 ship 0.14
343 256 352 262 325 301 316 296 ship 0.11
0 405 6 404 8 423 1 423 ship 0.08
294 412 284 407 318 349 328 355 ship 0.07
293 129 301 131 297 159 289 158 ship 0.05
96 477 100 473 132 508 127 512 ship 0.05
