58 357 50 368 16 341 24 330 ship 0.99
289 468 301 463 319 508 307 512 ship 0.99
103 435 112 424 163 467 153 479 ship 0.97
283 234 292 210 376 240 368 264 ship 0.97
283 432 276 435 269 414 277 411 ship 0.96
420 372 418 380 381 368 384 360 ship 0.67
439 315 443 310 457 319 454 325 ship 0.66
48 13 51 2 88 13 85 24 ship 0.62
454 334 450 340 435 331 438 325 ship 0.58
202 18 206 8 250 24 246 34 ship 0.46
151 15 149 23 133 19 135 11 ship 0.32
293 379 282 376 292 333 303 335 ship 0.32
109 11 113 4 132 14 128 22 ship 0.3
171 26 170 32 151 28 152 22 ship 0.24
228 7 230 1 258 10 255 17 ship 0.23
136 29 133 39 96 27 98 18 ship 0.21
375 367 373 373 359 369 361 363 ship 0.21
378 207 375 216 333 201 337 192 ship 0.18
84 5 87 0 112 8 109 15 ship 0.16
433 189 436 182 457 191 454 198 ship 0.14
253 3 255 0 280 9 278 14 ship 0.14
180 8 182 2 197 7 195 14 ship 0.13
150 47 152 40 168 45 166 52 ship 0.13
435 357 441 360 435 373 429 370 ship 0.12
409 383 407 387 381 376 383 371 ship 0.11
192 150 194 144 221 154 218 161 ship 0.09
471 343 479 345 475 360 467 358 ship 0.08
505 0 512 4 492 41 483 36 ship 0.07
206 2 207 0 231 4 230 8 ship 0.07
250 31 255 22 284 38 280 47 ship 0.07
507 327 500 326 504 301 512 302 ship 0.07
10 4 11 0 41 6 39 12 ship 0.06
468 342 464 350 453 344 457 336 ship 0.06
66 67 70 55 160 88 155 100 ship 0.05
74 395 69 402 44 384 50 376 ship 0.05
