50 317 42 310 65 283 73 290 ship 0.99
241 342 251 335 275 370 265 377 ship 0.97
274 424 276 431 258 437 255 429 ship 0.88
280 446 281 452 263 455 262 449 ship 0.52
211 461 218 463 210 487 203 485 ship 0.36
297 470 299 479 285 482 283 473 ship 0.31
46 404 55 405 54 423 46 422 ship 0.3
39 0 46 4 23 35 17 30 ship 0.28
18 97 34 108 1 152 0 140 ship 0.23
202 512 196 512 201 491 207 493 ship 0.13
283 458 285 464 263 473 261 467 ship 0.09
226 454 228 461 214 466 211 459 ship 0.09
83 311 76 306 83 296 90 301 ship 0.08
327 421 326 413 342 410 343 418 ship 0.05
