302 0 311 9 223 46 214 25 ship 1.0
316 401 307 416 236 376 244 361 ship 0.98
335 429 347 415 417 473 405 488 ship 0.98
473 299 450 326 352 245 374 217 ship 0.95
122 341 118 350 88 335 92 326 ship 0.89
48 398 43 396 56 373 61 376 ship 0.2
342 218 330 212 351 169 362 174 ship 0.15
127 355 132 344 154 354 149 365 ship 0.11
396 493 391 499 336 452 342 446 ship 0.09
166 375 164 380 143 371 145 366 ship 0.08
220 382 218 388 190 376 193 370 ship 0.07
181 384 177 391 164 385 167 378 ship 0.06
511 41 505 41 505 22 511 22 ship 0.06
197 371 194 379 172 370 175 363 ship 0.05
