10 62 4 40 118 10 124 33 ship 0.93
391 279 399 280 397 298 389 297 ship 0.74
44 215 47 206 82 216 80 225 ship 0.62
37 196 26 206 0 168 4 158 ship 0.46
172 403 179 406 169 433 162 431 ship 0.43
216 91 216 100 196 100 196 90 ship 0.31
240 158 236 168 184 148 188 138 ship 0.31
287 159 281 173 241 155 247 141 ship 0.18
511 402 503 413 456 377 464 366 ship 0.11
347 240 349 236 368 245 366 249 ship 0.1
261 242 268 244 259 268 252 266 ship 0.08
154 164 162 166 155 207 147 206 ship 0.05
286 176 279 192 233 172 240 156 ship 0.05
