316 145 307 160 236 120 244 105 ship 0.98
334 174 346 159 416 217 404 232 ship 0.97
455 276 473 262 512 324 503 338 ship 0.94
122 85 118 94 88 79 92 70 ship 0.89
391 239 387 243 352 210 356 205 ship 0.7
473 43 456 68 363 0 381 0 ship 0.51
49 142 44 140 56 117 61 120 ship 0.27
473 332 477 328 495 348 491 352 ship 0.22
127 99 132 88 154 98 150 109 ship 0.1
166 119 164 124 143 115 145 110 ship 0.08
220 126 218 132 190 119 193 114 ship 0.07
181 128 177 135 164 129 167 122 ship 0.07
197 115 194 123 173 114 175 107 ship 0.05
