350 254 338 259 321 212 332 207 ship 1.0
49 83 58 73 91 101 83 111 ship 0.99
346 277 363 271 393 355 376 361 ship 0.98
135 178 144 168 195 212 185 222 ship 0.97
315 176 308 179 301 158 309 155 ship 0.96
452 116 450 124 413 112 416 104 ship 0.66
245 305 235 309 220 276 230 272 ship 0.62
471 59 475 53 490 63 486 68 ship 0.6
486 78 483 84 466 74 470 69 ship 0.56
325 122 314 120 324 77 335 79 ship 0.4
407 111 405 117 391 113 393 107 ship 0.2
500 86 495 93 484 87 488 79 ship 0.17
1 46 10 47 7 63 0 61 ship 0.13
441 127 439 131 413 119 415 115 ship 0.13
467 100 474 103 468 116 461 113 ship 0.12
501 100 508 102 502 123 495 121 ship 0.11
509 23 502 22 506 1 512 2 ship 0.09
497 68 504 72 498 85 491 81 ship 0.09
473 107 480 110 473 126 467 124 ship 0.07
104 137 99 143 75 125 81 119 ship 0.06
