316 113 308 129 236 88 245 73 ship 0.98
334 142 346 127 416 185 404 200 ship 0.97
455 244 473 230 512 292 503 306 ship 0.94
122 53 118 62 88 46 93 38 ship 0.78
391 207 387 211 352 178 356 173 ship 0.7
446 0 462 0 450 31 435 25 ship 0.23
48 110 43 108 56 85 61 88 ship 0.22
473 300 477 296 495 316 491 320 ship 0.22
127 68 132 57 154 67 149 78 ship 0.07
401 228 395 235 346 195 352 187 ship 0.06
165 87 163 92 143 83 146 78 ship 0.06
220 94 218 100 190 87 193 82 ship 0.06
181 96 177 103 164 97 167 90 ship 0.05
