284 145 275 160 204 120 212 105 ship 0.98
302 174 314 159 384 217 372 232 ship 0.97
90 85 86 94 56 79 61 70 ship 0.85
424 278 442 265 486 324 468 337 ship 0.77
359 239 355 243 320 210 324 205 ship 0.7
348 1 366 0 438 46 420 66 ship 0.61
431 55 435 49 448 58 443 65 ship 0.09
95 99 100 88 122 98 117 109 ship 0.09
134 119 131 124 111 115 113 110 ship 0.08
436 325 443 319 465 345 458 350 ship 0.07
188 126 186 132 158 119 161 114 ship 0.07
149 128 145 135 132 129 135 122 ship 0.06
16 141 11 139 24 116 29 119 ship 0.05
165 115 162 123 141 114 143 107 ship 0.05
