160 146 179 156 118 262 99 251 ship 0.95
110 3 129 26 45 94 27 71 ship 0.87
143 498 134 503 116 471 126 466 ship 0.83
411 512 402 508 439 446 448 451 ship 0.74
83 280 80 271 109 261 112 269 ship 0.71
247 28 240 28 240 0 247 0 ship 0.46
440 461 432 456 466 400 475 405 ship 0.37
260 41 254 41 253 12 260 12 ship 0.27
0 398 6 389 47 424 39 433 ship 0.25
512 154 510 157 492 134 497 131 ship 0.21
512 349 512 356 464 465 452 458 ship 0.16
168 156 162 156 163 131 169 131 ship 0.12
72 412 68 418 58 411 62 405 ship 0.1
206 7 206 0 224 0 224 7 ship 0.09
129 511 119 512 105 474 115 470 ship 0.07
