175 81 160 99 77 30 92 12 ship 0.99
352 158 366 160 353 249 339 247 ship 0.99
220 98 202 89 258 0 276 0 ship 0.98
50 203 41 210 25 189 34 182 ship 0.94
512 324 508 350 369 303 378 276 ship 0.92
367 105 379 106 371 160 360 159 ship 0.88
178 311 172 316 160 304 167 298 ship 0.65
309 424 317 428 308 445 300 442 ship 0.56
495 22 489 30 453 0 459 0 ship 0.52
95 250 99 244 111 253 107 259 ship 0.44
392 487 390 494 374 491 375 484 ship 0.35
243 374 235 377 230 364 239 361 ship 0.31
489 175 486 183 464 175 467 167 ship 0.16
512 280 512 295 396 252 401 237 ship 0.14
509 181 506 190 488 184 490 176 ship 0.1
487 87 492 82 511 105 506 110 ship 0.1
360 168 352 168 352 156 361 157 ship 0.06
404 165 404 172 385 172 385 165 ship 0.06
360 277 362 272 380 277 378 283 ship 0.06
483 47 476 55 446 29 452 22 ship 0.06
