121 40 128 65 13 96 6 71 ship 0.98
391 311 399 312 397 330 389 329 ship 0.74
44 247 47 238 82 248 80 257 ship 0.62
172 436 179 438 169 465 161 463 ship 0.53
37 228 26 238 0 200 4 190 ship 0.46
240 190 236 200 184 180 188 170 ship 0.31
216 123 216 132 196 132 196 122 ship 0.29
287 191 281 205 241 187 247 173 ship 0.18
340 73 326 64 363 7 377 17 ship 0.11
347 272 349 268 368 277 366 281 ship 0.1
261 274 268 276 259 300 252 298 ship 0.08
511 434 503 445 456 409 464 398 ship 0.07
154 196 162 198 155 239 147 238 ship 0.05
286 208 279 224 233 204 240 188 ship 0.05
