389 167 378 161 401 118 412 123 ship 1.0
210 225 196 238 127 166 141 152 ship 0.92
240 116 239 107 262 107 263 115 ship 0.88
293 51 281 44 312 0 324 4 ship 0.8
364 383 350 399 294 347 309 332 ship 0.67
412 454 402 459 390 431 399 427 ship 0.34
460 471 450 478 433 454 442 447 ship 0.28
253 132 266 121 310 175 298 186 ship 0.08
170 428 173 422 193 431 190 437 ship 0.07
301 338 307 332 321 345 316 351 ship 0.07
198 269 191 275 139 219 146 213 ship 0.06
193 442 196 436 205 440 202 446 ship 0.06
328 101 317 95 361 18 371 24 ship 0.05
460 491 453 495 435 471 441 467 ship 0.05
