350 222 338 227 321 180 332 175 ship 1.0
49 51 58 41 91 69 83 79 ship 0.99
345 244 363 238 393 323 376 329 ship 0.98
135 146 144 136 195 180 185 190 ship 0.97
315 144 308 146 301 126 309 123 ship 0.96
486 46 482 52 467 42 470 36 ship 0.74
453 84 450 92 413 80 416 72 ship 0.68
490 31 485 37 471 27 475 21 ship 0.63
245 273 235 277 220 244 230 240 ship 0.62
325 90 313 87 324 45 335 47 ship 0.4
499 54 495 61 483 54 488 47 ship 0.28
392 79 395 73 406 78 403 84 ship 0.21
441 95 439 99 413 87 416 83 ship 0.18
471 74 479 77 472 96 464 93 ship 0.17
467 68 474 71 468 84 461 80 ship 0.16
501 68 508 70 502 91 495 89 ship 0.15
508 39 504 45 495 40 499 33 ship 0.11
2 14 11 16 7 29 0 27 ship 0.07
496 38 502 41 497 51 491 48 ship 0.07
106 107 101 114 76 95 81 88 ship 0.05
