356 167 346 161 369 117 379 123 ship 1.0
180 226 166 240 95 166 108 153 ship 0.92
207 116 207 107 231 106 231 115 ship 0.88
261 51 249 44 280 0 292 4 ship 0.8
332 383 318 399 262 347 277 332 ship 0.67
483 363 493 369 482 388 472 381 ship 0.54
380 454 371 459 358 431 367 427 ship 0.35
428 471 419 478 401 454 410 447 ship 0.24
510 397 506 405 497 401 500 393 ship 0.15
221 132 234 121 278 175 266 186 ship 0.08
0 92 6 91 8 110 1 111 ship 0.08
269 338 275 332 289 345 284 351 ship 0.07
138 428 141 422 161 431 158 437 ship 0.07
172 439 169 445 159 440 161 435 ship 0.06
