318 222 306 227 288 180 300 175 ship 1.0
59 69 51 80 16 52 24 42 ship 0.99
313 244 331 238 361 323 344 329 ship 0.98
103 146 112 136 163 180 153 190 ship 0.97
283 144 276 146 269 126 277 123 ship 0.96
454 46 450 52 434 42 438 37 ship 0.72
457 31 453 37 439 28 443 21 ship 0.67
420 84 418 92 381 80 384 72 ship 0.66
213 273 203 277 188 244 198 240 ship 0.62
293 90 281 87 292 45 303 47 ship 0.4
360 79 362 73 374 78 371 84 ship 0.22
409 95 407 99 381 87 384 83 ship 0.18
435 68 442 71 436 83 429 80 ship 0.15
466 54 462 61 450 54 454 47 ship 0.1
507 41 499 39 503 17 511 19 ship 0.1
471 55 478 57 475 71 467 69 ship 0.09
439 74 447 78 440 97 432 93 ship 0.08
74 107 69 114 44 95 50 88 ship 0.05
