358 509 347 504 369 461 380 467 ship 1.0
262 397 249 390 283 332 295 340 ship 0.96
319 318 312 313 334 283 341 288 ship 0.95
229 451 230 459 208 461 207 452 ship 0.92
95 280 79 294 20 229 36 214 ship 0.59
186 250 176 245 191 216 201 221 ship 0.23
120 504 118 512 101 511 103 501 ship 0.2
142 292 131 279 178 238 189 250 ship 0.17
2 28 0 23 10 0 19 0 ship 0.17
253 185 245 182 254 158 262 162 ship 0.16
343 288 352 294 325 333 316 328 ship 0.11
0 438 6 437 9 464 1 465 ship 0.1
295 511 286 512 227 483 236 470 ship 0.08
294 444 285 438 318 382 328 387 ship 0.07
293 161 301 163 297 191 289 190 ship 0.06
