390 509 379 504 401 461 412 467 ship 1.0
294 397 281 390 315 332 327 340 ship 0.96
351 318 344 313 366 283 373 288 ship 0.94
261 451 262 459 240 461 239 452 ship 0.92
128 280 112 295 55 233 71 219 ship 0.52
154 510 151 512 133 506 137 500 ship 0.23
218 250 208 245 223 216 233 221 ship 0.23
174 292 163 279 210 238 221 250 ship 0.17
285 185 277 182 286 158 294 162 ship 0.16
0 202 1 198 17 235 7 239 ship 0.13
375 288 384 294 356 333 348 328 ship 0.11
327 511 318 512 259 483 268 470 ship 0.08
326 444 317 438 350 382 360 387 ship 0.06
325 161 333 163 329 191 321 190 ship 0.06
