438 208 426 200 470 133 482 141 ship 0.99
0 350 0 328 90 296 97 318 ship 0.98
17 135 25 140 2 184 0 179 ship 0.95
265 14 272 0 350 33 342 49 ship 0.85
14 506 16 496 49 506 46 512 ship 0.78
291 219 299 225 279 254 270 248 ship 0.46
83 0 100 0 11 123 0 112 ship 0.4
184 379 184 388 164 388 164 378 ship 0.27
459 481 449 511 351 480 360 450 ship 0.25
256 448 249 461 208 443 214 430 ship 0.2
426 193 431 195 423 210 418 207 ship 0.17
207 447 203 456 153 435 156 426 ship 0.12
254 462 247 479 197 457 205 440 ship 0.1
410 236 405 234 412 219 417 222 ship 0.08
443 506 439 512 347 488 351 476 ship 0.08
490 255 490 263 473 263 473 255 ship 0.06
275 512 258 510 267 482 284 488 ship 0.05
