377 297 383 321 269 352 262 328 ship 0.99
304 138 312 142 292 182 284 178 ship 0.98
232 30 224 26 235 2 243 6 ship 0.91
42 436 40 444 13 437 15 429 ship 0.86
237 33 246 38 229 69 220 64 ship 0.82
295 487 280 499 227 437 242 424 ship 0.73
302 505 305 497 337 506 335 512 ship 0.71
352 14 362 21 332 65 322 58 ship 0.5
321 60 331 65 300 122 291 117 ship 0.43
287 141 281 137 290 120 296 124 ship 0.42
454 387 454 379 472 378 472 387 ship 0.38
495 447 491 456 439 436 443 426 ship 0.25
66 148 56 150 49 123 58 120 ship 0.22
98 176 90 177 85 150 92 148 ship 0.2
182 231 191 233 187 257 178 255 ship 0.18
171 80 160 74 171 55 181 61 ship 0.14
113 166 105 169 96 147 104 144 ship 0.11
168 359 167 365 150 361 151 355 ship 0.07
369 9 376 14 342 64 335 58 ship 0.07
507 461 500 461 502 434 509 434 ship 0.06
