82 317 73 311 97 283 105 290 ship 0.99
273 342 283 335 307 370 297 377 ship 0.97
306 424 308 431 290 437 287 429 ship 0.88
312 446 313 452 295 455 294 449 ship 0.52
243 461 250 463 242 487 235 485 ship 0.36
329 470 331 479 317 482 315 473 ship 0.31
57 30 50 25 74 0 81 0 ship 0.25
79 404 87 405 86 423 78 422 ship 0.24
234 512 228 512 233 491 239 493 ship 0.13
0 350 8 352 6 362 0 361 ship 0.13
315 458 317 464 295 473 293 467 ship 0.09
258 454 260 461 246 466 243 459 ship 0.09
115 311 108 306 115 296 122 301 ship 0.08
137 54 127 48 158 3 168 9 ship 0.05
359 421 358 413 374 410 375 418 ship 0.05
