478 305 470 300 492 262 501 267 ship 0.99
420 244 414 251 372 218 378 211 ship 0.82
144 151 136 156 116 128 124 123 ship 0.81
0 53 6 44 46 79 38 88 ship 0.62
434 110 442 115 402 183 394 179 ship 0.57
201 201 195 210 168 189 175 181 ship 0.47
359 181 366 185 356 202 349 199 ship 0.4
226 364 227 357 263 362 261 369 ship 0.36
512 12 512 20 468 119 455 111 ship 0.29
437 120 430 115 466 57 474 61 ship 0.19
197 0 204 3 197 26 189 23 ship 0.18
491 238 484 234 495 214 502 218 ship 0.11
72 68 68 74 59 67 62 62 ship 0.1
299 193 292 191 296 180 302 182 ship 0.09
384 207 379 204 385 191 391 194 ship 0.09
