48 138 56 142 36 182 28 178 ship 0.98
10 352 4 328 121 297 127 320 ship 0.98
502 131 512 139 473 207 461 199 ship 0.95
297 14 304 0 382 33 374 49 ship 0.84
46 504 49 497 81 507 79 512 ship 0.74
65 61 75 66 32 142 22 137 ship 0.56
38 483 27 493 0 457 6 447 ship 0.47
323 219 331 225 311 254 302 248 ship 0.46
100 11 110 19 78 63 68 56 ship 0.41
494 480 485 511 382 480 392 449 ship 0.32
216 379 216 388 196 388 196 378 ship 0.27
288 448 281 461 240 443 246 430 ship 0.2
458 193 463 196 455 210 450 207 ship 0.19
239 447 235 456 185 435 188 426 ship 0.12
286 462 279 479 229 457 237 440 ship 0.1
442 236 437 234 444 219 449 222 ship 0.08
307 512 290 510 299 482 316 488 ship 0.05
