357 424 348 433 311 395 321 386 ship 0.98
183 283 191 273 224 299 216 309 ship 0.98
439 328 420 317 479 217 498 229 ship 0.97
190 278 182 287 147 257 154 248 ship 0.75
390 461 382 468 356 437 364 430 ship 0.57
484 364 494 362 501 395 491 397 ship 0.33
116 244 112 250 94 236 98 230 ship 0.32
465 24 458 34 423 8 430 0 ship 0.3
500 37 512 42 502 85 486 80 ship 0.26
481 56 474 52 484 34 491 38 ship 0.16
440 340 440 346 425 347 425 340 ship 0.15
399 472 390 477 380 460 388 455 ship 0.1
506 216 512 222 457 324 446 319 ship 0.09
83 224 87 220 101 231 97 236 ship 0.08
335 178 305 162 398 0 429 5 ship 0.06
371 490 361 498 337 468 346 460 ship 0.05
