198 130 189 135 167 102 176 97 ship 0.96
214 195 209 203 185 189 189 181 ship 0.94
498 299 491 300 487 273 494 272 ship 0.81
11 56 18 61 2 86 0 81 ship 0.43
253 194 246 194 246 168 253 168 ship 0.25
110 271 91 297 0 216 0 190 ship 0.24
512 333 506 334 500 299 508 298 ship 0.24
253 236 244 237 242 211 251 211 ship 0.2
265 200 256 201 253 170 262 169 ship 0.18
331 112 333 122 297 126 296 116 ship 0.13
357 46 356 40 384 36 385 42 ship 0.13
330 151 331 157 313 158 312 152 ship 0.07
278 165 277 160 298 155 299 161 ship 0.06
