439 206 421 213 376 98 394 91 ship 1.0
363 308 355 309 352 288 360 286 ship 0.99
481 302 469 307 446 251 458 246 ship 0.97
340 0 356 0 386 79 370 85 ship 0.96
246 209 239 205 254 178 261 182 ship 0.83
450 459 456 470 412 492 406 481 ship 0.78
184 352 175 350 179 321 188 322 ship 0.74
140 432 148 435 138 467 129 464 ship 0.72
237 33 228 37 216 8 225 4 ship 0.72
161 395 168 400 148 433 141 428 ship 0.67
423 510 417 500 458 477 464 487 ship 0.19
461 235 467 232 471 246 465 248 ship 0.15
317 97 319 91 333 95 332 101 ship 0.09
