272 362 280 341 387 379 379 401 ship 0.99
115 304 121 284 256 327 249 347 ship 0.97
29 486 22 496 0 477 2 466 ship 0.83
0 269 3 238 105 276 93 306 ship 0.69
423 460 419 467 403 459 406 451 ship 0.34
239 143 244 137 259 150 254 156 ship 0.28
490 0 506 2 487 40 471 32 ship 0.25
370 503 366 512 328 497 332 488 ship 0.25
312 504 308 512 252 497 256 485 ship 0.22
426 444 422 452 406 445 409 437 ship 0.18
3 147 0 146 2 124 9 126 ship 0.14
129 146 125 155 92 143 95 134 ship 0.09
0 207 0 190 123 242 116 260 ship 0.08
135 34 131 40 107 20 111 15 ship 0.08
423 318 420 325 388 312 391 305 ship 0.07
447 364 444 370 425 361 428 355 ship 0.06
204 1 213 3 211 17 201 15 ship 0.05
505 147 499 145 509 119 512 121 ship 0.05
