307 117 301 104 336 87 342 100 ship 0.99
241 136 247 148 207 169 201 157 ship 0.99
222 117 227 125 200 139 195 131 ship 0.9
232 8 237 19 199 40 193 30 ship 0.89
199 341 193 342 189 322 195 320 ship 0.84
19 20 12 21 7 0 15 0 ship 0.83
169 375 163 383 129 357 135 349 ship 0.75
68 204 63 193 103 173 108 183 ship 0.65
27 240 20 226 69 199 77 213 ship 0.6
116 1 123 0 136 13 129 18 ship 0.53
79 224 73 211 116 189 123 201 ship 0.49
172 18 169 7 221 0 224 6 ship 0.44
201 358 195 359 192 339 198 338 ship 0.27
507 319 512 322 503 342 496 338 ship 0.26
314 182 322 182 323 203 316 203 ship 0.25
229 135 231 138 201 157 199 154 ship 0.12
232 0 235 4 189 25 186 17 ship 0.09
176 31 168 34 163 18 171 15 ship 0.08
488 56 495 54 500 81 494 82 ship 0.08
362 19 355 23 343 0 350 0 ship 0.06
