274 136 253 124 318 15 338 27 ship 0.99
460 243 471 249 445 296 433 290 ship 0.99
425 302 438 308 417 353 405 347 ship 0.95
233 160 215 181 118 100 135 79 ship 0.89
130 75 118 72 130 32 142 35 ship 0.84
485 265 477 260 502 218 510 222 ship 0.7
242 313 224 334 111 235 130 213 ship 0.48
148 47 136 41 158 0 170 4 ship 0.4
0 130 8 111 96 190 79 209 ship 0.16
252 150 258 154 249 171 242 168 ship 0.14
125 217 134 220 122 248 114 244 ship 0.13
433 294 441 298 432 314 424 309 ship 0.12
510 244 512 248 499 276 493 272 ship 0.1
199 84 189 77 252 0 262 0 ship 0.08
185 256 179 264 164 252 170 244 ship 0.08
330 440 322 446 303 420 312 414 ship 0.07
186 0 194 1 159 60 151 55 ship 0.06
292 429 285 431 277 410 283 408 ship 0.05
