145 44 152 50 135 72 127 66 ship 0.96
354 129 345 135 323 102 332 96 ship 0.95
370 195 365 203 341 189 345 181 ship 0.88
13 75 0 73 4 24 20 26 ship 0.35
489 111 491 121 456 127 454 117 ship 0.34
96 111 95 119 63 113 64 106 ship 0.29
101 182 95 179 104 160 110 163 ship 0.24
135 181 127 180 129 163 137 164 ship 0.23
263 274 249 293 133 208 147 189 ship 0.22
167 58 172 61 159 80 154 76 ship 0.14
409 232 400 233 397 211 406 210 ship 0.11
403 169 410 169 410 194 403 195 ship 0.08
488 152 488 157 470 158 470 153 ship 0.08
143 201 137 198 147 180 152 182 ship 0.07
512 174 502 175 500 143 510 142 ship 0.07
371 227 379 227 380 252 372 252 ship 0.05
