325 392 316 401 279 363 289 354 ship 0.98
407 297 388 286 447 185 466 196 ship 0.98
151 251 159 241 192 267 184 277 ship 0.98
26 190 19 196 0 167 3 162 ship 0.89
158 246 150 255 115 225 122 216 ship 0.74
357 428 349 434 325 405 332 399 ship 0.62
467 315 456 309 509 218 512 224 ship 0.53
85 212 80 218 61 203 65 198 ship 0.39
465 189 478 197 423 295 409 288 ship 0.32
452 333 460 331 468 363 460 365 ship 0.23
113 0 122 0 114 21 105 17 ship 0.22
408 308 408 314 393 315 393 308 ship 0.17
302 155 270 136 366 0 399 0 ship 0.15
51 192 55 187 70 200 67 204 ship 0.14
448 24 442 21 451 1 457 4 ship 0.07
355 451 349 454 342 438 347 435 ship 0.06
503 92 512 104 476 186 456 174 ship 0.06
