216 188 201 205 125 134 141 117 ship 1.0
267 253 278 241 329 290 318 302 ship 1.0
344 7 354 12 322 65 313 59 ship 0.96
491 290 476 286 485 246 500 249 ship 0.92
228 29 239 14 286 50 275 64 ship 0.49
218 225 222 219 234 228 230 234 ship 0.47
497 35 512 37 493 185 478 183 ship 0.4
436 399 444 404 435 420 427 415 ship 0.31
105 115 99 113 103 102 110 105 ship 0.16
135 20 128 29 111 16 118 7 ship 0.16
236 19 231 27 195 1 200 0 ship 0.12
511 468 503 466 505 454 512 456 ship 0.09
355 344 359 336 370 343 366 350 ship 0.09
94 497 90 504 60 487 64 480 ship 0.08
