108 234 90 224 140 137 158 147 ship 0.99
198 331 207 337 183 378 174 373 ship 0.99
220 246 231 252 194 318 183 312 ship 0.97
350 185 354 169 412 186 407 202 ship 0.92
404 491 411 480 452 503 445 512 ship 0.92
512 222 511 241 442 216 449 196 ship 0.86
136 230 131 227 154 192 160 196 ship 0.39
512 384 512 402 463 449 450 431 ship 0.22
351 161 348 169 314 157 317 150 ship 0.16
64 249 71 252 61 274 54 271 ship 0.15
218 98 227 102 210 140 201 135 ship 0.15
274 74 280 74 282 90 276 90 ship 0.11
179 155 186 160 163 194 156 190 ship 0.09
0 352 3 349 10 369 2 371 ship 0.06
117 36 110 43 89 20 96 14 ship 0.06
