460 211 471 217 445 264 433 258 ship 0.99
425 270 438 276 417 321 405 315 ship 0.95
272 106 252 94 317 0 337 0 ship 0.95
233 129 215 150 116 66 134 45 ship 0.94
130 42 119 40 127 0 138 3 ship 0.79
485 233 477 228 502 186 510 190 ship 0.7
242 281 224 302 111 202 130 181 ship 0.48
136 41 129 40 137 2 145 3 ship 0.16
0 98 8 79 96 158 79 177 ship 0.16
252 118 258 122 249 139 242 136 ship 0.14
125 185 134 188 122 216 114 212 ship 0.13
433 262 441 266 432 282 424 277 ship 0.12
510 212 512 216 499 244 493 240 ship 0.1
185 224 179 232 164 220 170 212 ship 0.08
330 408 322 414 304 388 312 382 ship 0.06
