204 243 215 249 188 297 177 290 ship 0.99
18 135 0 122 65 12 85 25 ship 0.99
343 250 361 259 305 376 287 368 ship 0.98
169 302 182 308 161 353 149 347 ship 0.97
490 273 483 294 390 260 397 240 ship 0.95
275 373 284 379 267 407 258 402 ship 0.84
278 421 287 426 265 466 256 461 ship 0.82
247 218 255 222 230 262 223 258 ship 0.78
259 459 253 456 270 421 277 424 ship 0.29
177 294 185 298 176 314 168 309 ship 0.12
269 15 263 19 251 2 256 0 ship 0.12
74 440 67 445 50 419 57 414 ship 0.06
401 208 395 204 408 182 414 185 ship 0.05
