172 243 183 249 156 297 145 291 ship 0.99
311 250 329 259 273 376 255 368 ship 0.98
137 302 150 308 129 353 117 347 ship 0.97
457 273 450 293 358 260 366 240 ship 0.94
0 101 0 89 33 14 51 27 ship 0.94
243 373 252 379 235 407 226 402 ship 0.84
246 421 255 426 233 466 224 461 ship 0.82
215 218 223 222 198 262 191 258 ship 0.78
227 459 221 456 238 421 245 424 ship 0.29
510 490 512 494 503 512 497 511 ship 0.26
237 15 231 19 219 2 224 0 ship 0.12
145 294 153 298 144 314 136 309 ship 0.12
369 207 363 204 376 181 382 185 ship 0.06
