297 234 286 212 385 162 396 184 ship 1.0
123 0 151 10 94 178 65 169 ship 0.99
486 168 494 177 471 199 463 190 ship 0.9
475 145 480 153 452 171 447 163 ship 0.78
192 36 196 25 213 31 209 42 ship 0.75
104 215 106 223 86 228 84 221 ship 0.59
385 16 376 18 371 1 380 0 ship 0.56
142 154 152 155 150 169 140 167 ship 0.36
155 13 157 4 181 9 179 18 ship 0.28
382 39 375 40 375 24 381 23 ship 0.24
489 440 495 431 512 445 510 453 ship 0.21
500 482 512 482 511 495 499 494 ship 0.17
335 250 332 243 370 226 373 233 ship 0.07
484 163 488 168 463 191 458 186 ship 0.07
483 359 491 354 503 375 495 379 ship 0.06
