282 288 276 304 219 284 225 268 ship 0.99
324 321 332 304 404 337 396 354 ship 0.93
491 461 485 466 473 452 478 447 ship 0.46
483 437 478 440 468 424 473 421 ship 0.43
512 482 509 487 494 469 500 465 ship 0.37
425 374 416 371 422 348 431 351 ship 0.34
489 151 495 143 512 157 510 165 ship 0.21
205 278 203 285 181 281 182 273 ship 0.21
233 338 235 330 250 335 247 343 ship 0.09
512 197 512 205 497 199 500 191 ship 0.09
383 304 392 306 388 322 379 320 ship 0.07
392 374 400 377 395 389 388 386 ship 0.06
391 360 387 370 369 362 374 352 ship 0.06
