244 44 251 50 233 73 226 68 ship 0.96
454 130 445 135 423 102 432 97 ship 0.95
470 195 466 203 441 189 445 181 ship 0.94
509 194 502 194 503 168 510 168 ship 0.55
96 30 98 23 120 30 117 37 ship 0.5
9 289 16 293 3 319 0 315 ship 0.49
196 111 194 119 162 113 163 106 ship 0.46
512 239 502 241 497 213 508 211 ship 0.39
0 381 10 377 21 410 6 415 ship 0.3
228 163 236 164 233 181 226 180 ship 0.29
73 41 69 51 18 30 22 21 ship 0.16
202 180 196 177 204 160 210 163 ship 0.15
237 207 250 189 358 271 345 288 ship 0.1
273 61 270 69 260 66 262 58 ship 0.1
511 261 502 261 501 235 510 235 ship 0.09
484 250 474 252 468 228 478 225 ship 0.07
20 266 16 259 33 250 37 257 ship 0.06
