95 206 77 213 32 98 50 91 ship 1.0
307 405 301 392 336 376 342 388 ship 0.99
241 424 247 436 207 457 201 445 ship 0.99
136 302 124 306 102 250 114 245 ship 0.98
19 307 11 309 7 287 15 286 ship 0.96
222 405 227 413 199 427 195 419 ship 0.89
105 459 111 470 69 492 63 481 ship 0.85
233 299 238 308 200 328 195 319 ship 0.82
171 311 166 295 226 274 232 290 ship 0.79
0 5 13 0 43 84 27 89 ship 0.68
81 512 76 502 117 480 122 490 ship 0.39
320 21 321 29 299 33 298 25 ship 0.35
271 19 275 27 248 37 245 29 ship 0.13
315 0 316 5 280 11 279 3 ship 0.11
229 423 231 426 201 445 199 442 ship 0.11
504 308 511 309 509 320 502 319 ship 0.09
266 0 270 2 241 16 237 8 ship 0.09
488 344 495 343 500 368 494 370 ship 0.08
116 235 122 232 128 246 122 249 ship 0.07
311 470 318 468 323 490 315 491 ship 0.06
322 4 329 1 334 17 327 19 ship 0.05
