272 394 280 373 386 411 379 432 ship 0.99
115 336 121 316 256 359 249 379 ship 0.97
482 75 468 64 508 9 512 20 ship 0.79
0 301 3 270 105 308 93 338 ship 0.69
426 476 423 485 406 477 409 469 ship 0.38
423 492 419 499 403 490 407 483 ship 0.37
239 175 244 169 259 182 254 188 ship 0.29
3 179 0 178 2 157 9 158 ship 0.18
129 178 125 187 92 175 95 166 ship 0.12
268 512 258 512 256 492 266 491 ship 0.11
109 2 107 9 91 4 93 0 ship 0.11
460 492 454 490 462 457 468 458 ship 0.08
200 24 203 19 219 30 216 35 ship 0.08
0 239 0 222 123 274 116 292 ship 0.08
423 350 420 357 388 344 391 337 ship 0.07
447 396 444 402 425 393 428 387 ship 0.06
145 2 153 0 225 41 216 53 ship 0.05
1 508 4 500 19 506 16 512 ship 0.05
