199 43 207 49 184 90 175 84 ship 0.99
404 202 421 187 500 276 483 291 ship 0.98
237 418 234 427 203 415 207 406 ship 0.96
191 31 181 25 198 0 208 0 ship 0.74
142 470 136 480 109 464 115 453 ship 0.72
273 344 282 348 267 387 257 384 ship 0.68
385 353 381 365 330 347 334 335 ship 0.61
408 343 410 335 432 340 430 349 ship 0.61
282 348 291 351 277 394 269 391 ship 0.52
512 427 512 435 473 427 475 419 ship 0.41
299 322 312 326 291 395 278 391 ship 0.34
511 97 512 115 463 161 449 143 ship 0.19
70 322 69 313 115 306 117 316 ship 0.16
119 4 125 5 122 43 116 43 ship 0.13
0 63 2 60 10 82 3 84 ship 0.07
75 136 87 140 79 167 67 164 ship 0.06
471 421 469 429 443 422 445 415 ship 0.05
