252 446 235 464 158 392 175 374 ship 1.0
497 249 489 260 449 233 456 222 ship 0.98
369 277 377 281 354 319 346 315 ship 0.97
223 250 239 233 317 303 301 320 ship 0.89
303 508 307 497 324 503 320 512 ship 0.68
505 35 512 39 491 82 483 78 ship 0.44
250 480 254 474 266 483 262 489 ship 0.42
512 121 509 127 488 111 493 105 ship 0.26
137 371 130 369 135 358 142 361 ship 0.18
503 175 509 178 496 201 490 198 ship 0.11
394 249 388 244 408 215 414 220 ship 0.11
165 277 159 284 143 271 149 263 ship 0.1
153 245 143 240 161 206 171 212 ship 0.08
473 215 466 212 480 185 487 189 ship 0.08
512 262 510 267 499 260 502 255 ship 0.07
386 265 380 261 389 245 395 248 ship 0.06
