442 224 425 214 484 114 501 125 ship 0.99
372 115 362 107 394 61 405 68 ship 0.93
376 331 360 321 424 217 440 227 ship 0.92
28 6 48 0 139 55 119 80 ship 0.89
386 375 400 359 479 426 465 443 ship 0.79
362 478 372 467 429 512 419 512 ship 0.47
411 46 417 48 411 70 404 68 ship 0.34
231 384 225 380 242 357 248 361 ship 0.27
444 226 452 231 402 315 393 310 ship 0.17
162 32 151 45 111 14 121 0 ship 0.15
170 19 164 28 130 2 137 0 ship 0.09
412 18 411 7 441 5 441 17 ship 0.09
301 157 302 166 283 170 282 161 ship 0.09
427 509 423 512 410 506 414 500 ship 0.06
426 308 433 310 427 327 421 325 ship 0.06
371 472 380 475 368 505 359 501 ship 0.06
