307 149 301 136 336 119 342 132 ship 0.99
241 168 247 180 207 201 201 189 ship 0.99
8 32 16 30 20 52 12 53 ship 0.96
222 149 227 157 200 171 195 163 ship 0.9
136 47 123 52 102 0 115 0 ship 0.88
199 373 193 374 189 354 195 352 ship 0.85
199 72 194 63 232 43 237 52 ship 0.79
169 407 163 415 129 389 135 382 ship 0.74
68 236 63 225 103 205 108 215 ship 0.65
171 55 166 40 226 18 232 34 ship 0.65
27 272 20 258 69 231 77 245 ship 0.6
79 256 73 243 116 221 123 233 ship 0.49
201 390 195 391 192 371 198 370 ship 0.27
507 351 512 354 503 374 496 370 ship 0.26
314 214 322 214 323 235 316 235 ship 0.25
362 50 355 54 338 21 345 17 ship 0.17
504 52 511 53 509 64 502 63 ship 0.12
229 167 231 170 201 189 199 186 ship 0.11
488 88 495 87 500 112 494 114 ship 0.09
