440 283 447 274 480 299 473 308 ship 0.97
445 278 438 287 403 257 410 248 ship 0.75
189 80 181 77 190 56 197 59 ship 0.4
226 133 221 140 194 122 199 115 ship 0.32
372 244 368 250 349 236 354 230 ship 0.32
174 46 170 53 151 42 155 36 ship 0.23
4 31 0 29 3 10 10 12 ship 0.16
315 223 309 227 288 198 294 194 ship 0.14
254 166 250 172 237 164 241 158 ship 0.13
257 176 262 170 292 195 287 201 ship 0.11
339 224 343 220 358 231 354 236 ship 0.1
101 19 93 17 97 2 105 4 ship 0.08
0 82 6 82 4 100 0 100 ship 0.07
224 105 217 103 221 86 229 88 ship 0.05
