248 188 233 205 157 134 173 117 ship 1.0
299 253 310 241 361 290 350 302 ship 1.0
376 7 386 12 354 65 345 59 ship 0.96
260 29 271 14 318 50 307 64 ship 0.49
250 225 254 219 266 228 262 234 ship 0.47
465 419 456 415 465 397 474 401 ship 0.41
503 234 511 234 511 252 503 252 ship 0.27
167 20 160 28 143 15 150 7 ship 0.18
137 115 130 113 135 102 142 105 ship 0.17
268 19 263 27 227 1 232 0 ship 0.12
126 497 122 504 92 487 96 480 ship 0.1
387 344 391 336 402 343 398 350 ship 0.09
0 176 1 170 15 174 13 180 ship 0.06
502 4 504 0 512 3 511 8 ship 0.06
16 506 9 509 3 494 10 491 ship 0.05
