440 251 447 242 480 267 473 276 ship 0.97
445 246 438 255 403 225 410 216 ship 0.75
372 212 368 218 349 204 354 198 ship 0.32
191 24 199 27 190 47 182 44 ship 0.31
226 101 221 108 194 90 199 83 ship 0.3
401 0 411 0 402 21 393 17 ship 0.2
315 191 309 195 288 166 294 162 ship 0.14
254 134 250 140 237 132 241 126 ship 0.13
257 144 262 138 292 163 287 169 ship 0.11
339 192 343 188 358 199 354 204 ship 0.1
174 13 170 21 152 12 155 4 ship 0.09
3 69 0 68 1 49 8 50 ship 0.08
4 43 0 42 4 21 10 22 ship 0.08
10 21 4 19 9 0 16 1 ship 0.06
