325 424 316 433 279 395 289 386 ship 0.98
407 329 388 318 447 217 466 228 ship 0.98
151 283 159 273 192 299 184 309 ship 0.98
26 222 19 228 0 199 3 194 ship 0.89
158 278 150 287 115 257 122 248 ship 0.74
358 461 350 468 324 437 332 430 ship 0.57
466 347 456 341 509 250 512 256 ship 0.54
85 244 80 250 61 235 65 230 ship 0.39
433 24 426 34 391 8 398 0 ship 0.38
465 221 478 229 423 327 409 320 ship 0.32
452 365 460 363 468 395 460 397 ship 0.22
408 340 408 346 393 347 393 340 ship 0.17
51 224 55 219 70 232 67 236 ship 0.14
367 472 358 477 348 460 356 455 ship 0.1
303 178 272 161 366 0 397 4 ship 0.07
449 55 443 51 452 35 458 38 ship 0.07
503 124 512 136 476 218 456 206 ship 0.06
