407 206 389 213 344 98 362 91 ship 1.0
331 308 323 309 320 288 328 286 ship 0.99
448 302 436 307 414 251 426 246 ship 0.97
308 0 324 0 354 79 338 85 ship 0.96
214 209 207 205 222 178 229 182 ship 0.83
418 459 423 470 380 492 374 481 ship 0.79
152 352 143 350 147 321 156 322 ship 0.73
486 306 482 295 512 283 512 294 ship 0.73
205 33 196 37 184 8 193 4 ship 0.72
108 432 116 435 106 467 97 464 ship 0.66
129 395 136 400 116 433 109 428 ship 0.64
509 30 512 33 502 57 496 53 ship 0.18
427 484 430 491 394 508 390 501 ship 0.17
285 97 287 91 301 95 300 101 ship 0.09
502 431 510 448 450 477 441 459 ship 0.08
439 246 433 248 428 236 434 233 ship 0.07
