410 225 393 215 451 115 468 125 ship 0.99
340 115 330 107 362 61 373 68 ship 0.94
344 331 328 321 392 218 407 227 ship 0.93
0 5 20 0 106 56 86 79 ship 0.88
354 375 368 359 447 426 433 442 ship 0.79
330 478 340 467 397 512 387 512 ship 0.45
488 389 477 383 489 361 500 368 ship 0.34
379 46 386 48 380 71 372 68 ship 0.3
199 384 193 380 210 357 216 361 ship 0.27
418 211 429 219 382 293 371 286 ship 0.22
464 406 471 410 460 429 453 425 ship 0.17
135 29 126 40 77 2 85 0 ship 0.15
380 18 379 7 408 5 409 17 ship 0.1
498 356 489 351 502 329 511 334 ship 0.1
269 157 270 166 251 170 250 161 ship 0.09
395 509 391 512 378 506 382 500 ship 0.06
394 308 400 310 395 326 389 324 ship 0.06
339 472 348 475 336 505 327 501 ship 0.06
