357 392 348 401 311 363 321 354 ship 0.98
183 251 191 241 224 267 216 277 ship 0.98
439 296 420 285 479 185 498 197 ship 0.97
190 246 182 255 147 225 154 216 ship 0.75
389 428 381 434 357 405 364 399 ship 0.62
503 54 488 50 499 4 512 8 ship 0.36
484 332 494 330 501 363 491 365 ship 0.34
116 212 112 218 94 204 98 198 ship 0.32
481 25 473 21 483 0 490 3 ship 0.29
146 0 156 0 146 22 136 18 ship 0.21
335 154 302 135 398 0 431 0 ship 0.15
440 308 440 314 425 315 425 308 ship 0.15
506 184 512 190 457 292 446 287 ship 0.09
83 192 87 188 101 199 97 204 ship 0.08
387 451 381 454 374 438 379 435 ship 0.06
