341 41 331 39 340 0 349 1 ship 0.82
444 132 427 151 334 72 351 52 ship 0.8
460 286 441 308 323 206 343 183 ship 0.76
506 399 498 403 486 375 493 372 ship 0.29
199 96 193 92 210 68 216 73 ship 0.26
487 101 476 94 489 73 500 80 ship 0.22
464 119 471 122 460 140 454 137 ship 0.19
397 225 392 231 377 218 382 212 ship 0.17
344 196 351 188 381 214 374 222 ship 0.12
346 41 338 39 350 0 358 2 ship 0.11
497 68 488 63 503 38 512 44 ship 0.06
188 90 204 70 284 138 268 158 ship 0.06
286 198 281 204 250 176 255 171 ship 0.05
