230 75 239 81 216 122 207 117 ship 0.99
436 236 453 220 512 295 506 311 ship 0.98
269 450 265 459 235 447 239 438 ship 0.94
228 56 218 50 248 0 258 1 ship 0.8
173 504 167 512 142 495 148 486 ship 0.69
305 376 314 380 299 419 289 416 ship 0.68
440 375 442 366 465 373 463 381 ship 0.61
416 385 412 396 362 378 366 367 ship 0.59
314 380 323 383 309 426 301 423 ship 0.52
331 354 344 358 324 427 310 423 ship 0.34
7 395 13 391 25 411 18 415 ship 0.19
101 353 100 344 147 340 148 349 ship 0.14
505 454 502 463 473 456 475 447 ship 0.06
108 169 119 172 111 200 99 196 ship 0.05
