267 62 258 57 274 30 283 35 ship 0.95
488 362 482 381 395 354 401 334 ship 0.94
277 75 287 81 266 121 255 115 ship 0.81
279 443 281 436 312 445 310 452 ship 0.78
305 0 316 2 305 29 294 25 ship 0.47
191 499 196 491 215 502 210 511 ship 0.41
260 418 247 429 215 392 228 381 ship 0.23
194 0 205 2 188 35 177 29 ship 0.21
157 0 163 0 163 27 157 27 ship 0.16
202 328 202 334 185 336 185 329 ship 0.14
168 221 169 213 201 216 200 225 ship 0.13
509 213 500 211 505 192 512 194 ship 0.12
150 351 149 343 188 337 189 345 ship 0.09
273 76 266 73 270 63 277 66 ship 0.07
270 77 275 81 265 97 259 94 ship 0.06
336 462 334 468 313 461 315 454 ship 0.05
