198 75 207 81 184 122 175 117 ship 0.99
404 234 421 219 500 308 483 323 ship 0.98
237 450 233 459 203 447 207 438 ship 0.94
196 56 186 50 216 0 226 1 ship 0.8
141 504 135 512 110 496 116 487 ship 0.71
273 376 282 380 267 419 257 416 ship 0.68
385 385 381 397 330 379 334 367 ship 0.6
408 375 410 367 432 372 430 381 ship 0.6
282 380 291 383 277 426 269 423 ship 0.52
299 354 312 358 292 427 278 423 ship 0.34
512 459 512 467 473 460 475 452 ship 0.31
511 129 512 147 463 193 449 176 ship 0.22
70 354 69 345 115 338 117 348 ship 0.16
471 453 469 461 443 455 444 447 ship 0.08
75 169 87 172 79 199 67 196 ship 0.07
