240 394 248 373 354 411 347 432 ship 0.99
82 335 89 315 224 360 218 380 ship 0.97
451 71 436 57 500 0 512 4 ship 0.92
394 476 391 485 373 477 377 469 ship 0.35
391 492 387 499 371 490 374 483 ship 0.34
207 175 212 169 227 182 222 188 ship 0.29
0 311 2 285 71 307 63 334 ship 0.22
97 178 93 187 60 175 63 166 ship 0.15
236 512 226 512 224 492 234 491 ship 0.11
168 24 171 19 187 30 184 35 ship 0.08
391 350 388 357 356 344 359 337 ship 0.07
431 457 437 459 427 495 421 494 ship 0.07
113 2 121 0 193 42 184 53 ship 0.06
77 1 74 9 60 5 63 0 ship 0.05
