231 43 239 49 216 90 207 84 ship 0.99
436 204 453 188 512 263 506 279 ship 0.98
269 418 266 427 235 415 239 406 ship 0.96
223 30 213 25 230 0 240 0 ship 0.74
174 470 168 480 141 464 147 453 ship 0.71
305 344 314 348 299 387 289 384 ship 0.68
440 343 442 334 465 341 463 349 ship 0.62
416 353 412 364 362 346 366 335 ship 0.6
314 348 323 351 309 394 301 391 ship 0.52
331 322 344 326 323 395 310 391 ship 0.34
7 363 13 359 25 379 18 383 ship 0.19
151 4 157 5 155 43 148 43 ship 0.15
101 321 100 312 147 308 148 317 ship 0.14
503 420 501 430 470 422 473 412 ship 0.07
