218 384 202 375 251 291 268 301 ship 1.0
136 183 152 192 95 290 79 281 ship 0.98
407 512 393 502 431 450 444 460 ship 0.98
199 403 222 394 268 507 244 512 ship 0.82
198 77 219 89 160 192 140 180 ship 0.81
56 439 43 451 0 389 0 377 ship 0.74
154 365 146 366 140 332 147 331 ship 0.3
97 308 97 315 81 315 81 309 ship 0.2
162 186 173 192 114 291 103 285 ship 0.19
506 411 512 416 498 453 488 448 ship 0.18
139 2 147 5 138 25 130 22 ship 0.17
45 424 50 430 42 437 37 431 ship 0.07
480 458 487 463 457 505 450 500 ship 0.06
