339 73 329 71 341 32 350 34 ship 0.9
354 119 368 103 447 170 433 186 ship 0.8
460 318 441 340 323 238 343 215 ship 0.76
366 5 376 10 360 41 350 36 ship 0.47
488 133 477 127 489 106 500 112 ship 0.3
505 431 497 434 486 407 494 404 ship 0.25
199 128 193 123 211 100 217 105 ship 0.21
464 150 471 154 460 172 454 169 ship 0.2
397 257 392 263 377 250 382 244 ship 0.17
344 228 351 220 381 246 374 254 ship 0.12
408 88 396 80 459 0 471 0 ship 0.08
188 122 205 102 284 170 268 190 ship 0.06
498 101 491 96 504 74 511 79 ship 0.06
394 52 400 54 395 70 389 68 ship 0.06
286 230 281 236 250 208 255 203 ship 0.05
