66 129 57 135 34 103 43 96 ship 0.94
82 195 77 203 52 189 57 181 ship 0.83
396 370 387 371 383 339 392 338 ship 0.74
371 300 380 299 384 332 375 333 ship 0.56
365 300 359 301 355 274 361 273 ship 0.48
200 111 202 121 168 126 166 117 ship 0.19
396 376 405 375 409 407 400 408 ship 0.17
121 231 112 232 109 211 118 210 ship 0.14
388 395 382 396 379 373 385 372 ship 0.14
224 47 223 40 252 35 253 42 ship 0.14
115 169 122 169 122 194 115 194 ship 0.1
20 0 31 3 7 38 0 31 ship 0.07
121 169 131 168 134 201 124 202 ship 0.06
133 10 132 4 154 0 156 4 ship 0.05
