220 446 203 464 126 392 143 374 ship 1.0
465 249 457 260 417 233 424 222 ship 0.98
338 276 346 280 322 320 314 315 ship 0.97
191 250 207 233 285 303 269 321 ship 0.89
494 270 489 277 466 259 471 253 ship 0.71
271 508 275 497 292 503 288 512 ship 0.68
218 480 222 474 234 483 230 489 ship 0.42
493 441 479 440 497 290 511 292 ship 0.4
105 371 99 369 103 358 110 361 ship 0.17
481 511 483 502 512 506 511 512 ship 0.16
460 113 464 108 489 127 485 133 ship 0.16
362 249 356 244 376 215 382 220 ship 0.12
502 275 511 277 509 288 499 286 ship 0.09
133 277 127 284 111 271 117 263 ship 0.08
121 245 111 240 129 206 139 212 ship 0.08
510 295 509 304 495 303 495 294 ship 0.07
354 265 348 261 357 245 363 248 ship 0.07
0 489 4 489 4 508 0 508 ship 0.06
41 221 47 225 35 245 29 242 ship 0.06
