457 362 451 382 363 353 369 334 ship 0.96
235 62 226 57 242 30 251 35 ship 0.95
245 75 255 81 234 121 223 115 ship 0.81
247 443 249 436 280 445 278 452 ship 0.78
512 143 512 152 475 223 463 214 ship 0.73
273 0 284 2 273 29 262 25 ship 0.47
159 499 164 491 183 502 178 511 ship 0.41
508 198 512 201 502 228 496 226 ship 0.3
228 418 215 429 183 392 196 381 ship 0.23
162 0 173 2 156 35 145 29 ship 0.21
489 510 472 506 490 424 508 428 ship 0.17
125 0 131 0 131 27 125 27 ship 0.16
169 328 170 334 153 336 153 329 ship 0.14
136 221 137 213 169 216 168 225 ship 0.13
118 351 117 343 156 337 157 345 ship 0.08
468 417 461 415 465 400 472 402 ship 0.08
304 462 302 468 281 461 283 454 ship 0.05
