153 249 146 260 104 232 112 222 ship 0.97
9 320 1 314 27 273 35 278 ship 0.87
180 331 192 332 178 438 167 436 ship 0.73
182 270 177 276 156 260 161 254 ship 0.72
421 238 415 245 385 221 390 213 ship 0.29
200 295 199 302 184 300 184 293 ship 0.21
217 396 217 404 197 404 197 397 ship 0.19
219 182 214 187 197 171 201 166 ship 0.11
201 281 197 288 184 281 187 275 ship 0.11
50 249 43 244 65 214 71 219 ship 0.1
198 505 197 512 166 508 167 499 ship 0.07
147 112 152 107 176 126 172 132 ship 0.07
385 434 381 443 348 431 351 422 ship 0.07
191 326 183 326 184 304 193 305 ship 0.06
251 11 244 12 244 0 250 0 ship 0.05
