322 446 332 440 355 473 346 480 ship 0.95
134 416 126 410 143 388 151 394 ship 0.94
0 233 12 219 87 307 71 321 ship 0.79
211 141 200 134 240 74 251 82 ship 0.77
180 182 172 178 183 159 191 163 ship 0.69
435 510 434 503 456 500 457 508 ship 0.49
490 456 492 466 455 471 454 461 ship 0.43
511 509 501 510 500 485 510 484 ship 0.33
488 496 487 502 469 502 470 495 ship 0.33
206 133 213 138 205 149 198 144 ship 0.23
20 375 17 382 0 373 2 367 ship 0.22
186 153 182 150 191 138 195 141 ship 0.19
97 456 95 464 63 458 64 450 ship 0.12
167 402 173 405 160 423 155 419 ship 0.12
13 418 1 417 5 378 17 379 ship 0.08
410 475 409 468 425 464 427 471 ship 0.08
