98 129 89 135 67 102 76 96 ship 0.95
114 195 109 203 85 189 89 181 ship 0.86
428 370 419 371 415 339 424 338 ship 0.68
403 300 412 299 416 332 407 333 ship 0.48
397 300 391 301 387 273 393 273 ship 0.4
232 111 234 121 200 126 198 117 ship 0.19
428 376 437 375 441 407 432 408 ship 0.16
153 231 144 232 141 211 150 210 ship 0.14
256 47 255 40 284 35 285 42 ship 0.14
147 169 154 169 154 194 147 194 ship 0.11
420 395 414 396 411 372 417 371 ship 0.11
152 169 163 168 166 201 156 202 ship 0.07
165 10 164 4 186 0 188 4 ship 0.06
