164 276 176 242 374 310 363 344 ship 0.97
372 337 379 316 512 359 506 381 ship 0.97
33 6 43 13 9 66 0 60 ship 0.9
180 75 192 76 178 182 167 180 ship 0.71
278 512 270 512 242 500 249 491 ship 0.7
13 292 5 297 0 281 1 275 ship 0.7
55 349 47 351 43 338 51 336 ship 0.23
217 140 218 148 197 148 197 141 ship 0.19
185 38 193 39 192 68 183 68 ship 0.18
385 178 381 187 348 175 351 165 ship 0.15
121 419 113 415 121 397 129 401 ship 0.14
365 2 363 9 347 4 349 0 ship 0.12
502 197 509 200 502 216 495 213 ship 0.11
190 464 194 459 204 466 201 472 ship 0.08
