166 130 157 135 135 102 144 97 ship 0.95
182 195 177 203 153 189 157 181 ship 0.94
484 332 474 333 470 300 480 299 ship 0.89
483 338 493 337 497 370 488 371 ship 0.87
466 300 459 301 455 274 462 273 ship 0.72
508 405 499 406 495 376 504 374 ship 0.7
221 194 214 194 214 168 221 168 ship 0.25
488 398 482 399 478 371 484 370 ship 0.24
501 485 502 495 473 498 472 488 ship 0.24
221 236 212 237 210 211 219 211 ship 0.2
233 200 224 201 221 170 230 169 ship 0.18
325 46 324 39 352 36 353 43 ship 0.14
299 112 301 122 265 126 264 116 ship 0.13
512 421 506 422 502 404 509 403 ship 0.09
298 151 299 157 281 158 280 152 ship 0.07
246 165 245 160 266 155 267 161 ship 0.06
