396 234 378 224 428 137 446 148 ship 0.99
487 332 496 337 472 378 463 372 ship 0.98
219 75 202 65 243 0 261 4 ship 0.9
291 261 253 274 191 88 228 75 ship 0.83
154 51 147 52 139 19 146 17 ship 0.6
49 115 37 127 0 79 0 67 ship 0.56
424 230 419 226 442 192 448 196 ship 0.4
24 374 24 351 88 350 88 373 ship 0.3
142 225 135 229 121 208 127 204 ship 0.25
497 271 505 275 479 319 471 314 ship 0.2
507 99 512 103 499 140 489 136 ship 0.19
405 36 398 42 378 20 384 14 ship 0.09
482 145 489 150 455 193 449 188 ship 0.08
