134 384 126 378 143 356 151 362 ship 0.95
355 440 345 447 321 414 331 407 ship 0.94
342 503 345 495 371 505 367 512 ship 0.87
0 201 12 187 87 275 71 289 ship 0.79
210 111 199 103 239 43 251 50 ship 0.76
180 150 172 146 183 127 191 131 ship 0.7
100 494 95 491 104 472 110 475 ship 0.32
133 492 125 491 127 474 136 475 ship 0.31
20 343 17 350 0 341 2 335 ship 0.23
147 511 139 508 146 493 153 496 ship 0.19
186 121 182 118 191 106 195 109 ship 0.19
490 424 491 434 455 439 454 429 ship 0.19
206 100 213 105 205 116 198 112 ship 0.17
168 370 173 373 160 391 155 388 ship 0.15
97 424 95 432 63 426 65 418 ship 0.12
410 504 403 504 401 481 408 480 ship 0.09
13 386 1 385 5 346 17 347 ship 0.09
410 442 409 435 424 431 426 439 ship 0.06
153 36 147 31 172 0 178 1 ship 0.06
