240 362 248 341 355 379 347 401 ship 0.99
82 303 89 283 224 328 218 348 ship 0.97
391 460 387 467 371 459 374 451 ship 0.34
207 143 212 137 227 150 222 156 ship 0.28
338 503 334 512 296 497 300 488 ship 0.25
280 504 276 512 220 497 224 485 ship 0.22
0 279 2 253 71 275 63 302 ship 0.22
394 444 390 452 374 445 377 437 ship 0.17
464 0 481 0 455 40 438 29 ship 0.16
97 146 93 155 60 143 63 134 ship 0.12
74 19 79 13 105 34 101 40 ship 0.08
28 46 22 50 10 33 16 29 ship 0.07
391 318 388 325 356 312 359 305 ship 0.07
172 1 181 3 179 17 169 15 ship 0.05
