282 320 276 336 219 316 225 300 ship 0.99
324 353 332 336 404 369 396 386 ship 0.93
425 406 416 403 422 380 431 383 ship 0.31
489 183 495 175 512 189 510 197 ship 0.22
205 310 203 317 181 313 182 305 ship 0.21
483 470 477 473 468 456 473 453 ship 0.15
491 493 485 498 473 485 479 479 ship 0.15
310 0 311 5 273 10 272 2 ship 0.12
233 370 235 362 250 367 247 375 ship 0.09
512 229 512 237 497 231 500 223 ship 0.09
383 336 392 338 388 354 379 352 ship 0.07
507 509 501 512 495 501 500 498 ship 0.06
391 392 387 402 369 394 374 384 ship 0.05
