218 416 202 407 251 323 268 333 ship 1.0
136 215 152 224 95 322 79 313 ship 0.98
256 508 235 512 201 438 222 429 ship 0.85
198 110 219 122 160 223 140 212 ship 0.82
59 474 46 486 0 421 0 409 ship 0.77
430 485 440 493 419 512 409 511 ship 0.45
154 397 146 398 140 364 147 363 ship 0.3
506 443 512 448 499 483 490 479 ship 0.29
80 9 87 0 121 24 114 34 ship 0.27
97 340 97 347 81 347 81 341 ship 0.2
162 218 173 224 114 323 103 317 ship 0.19
137 55 130 51 140 35 147 39 ship 0.08
0 417 2 411 16 427 10 433 ship 0.06
55 470 47 475 38 461 46 456 ship 0.06
481 491 488 495 478 512 471 509 ship 0.05
