285 486 276 497 241 470 249 459 ship 1.0
164 244 176 210 374 278 363 312 ship 0.97
372 305 379 284 512 327 506 349 ship 0.97
9 32 0 26 22 0 30 0 ship 0.89
181 28 193 29 179 154 167 152 ship 0.78
13 260 5 265 0 249 1 243 ship 0.7
55 317 47 319 43 306 51 304 ship 0.23
217 108 218 116 197 116 197 109 ship 0.21
494 494 490 486 512 475 512 482 ship 0.18
121 387 113 383 121 365 129 369 ship 0.16
385 146 381 155 348 143 351 134 ship 0.11
502 165 509 168 502 184 495 181 ship 0.11
190 433 194 427 204 433 200 439 ship 0.1
391 34 387 40 363 20 367 15 ship 0.09
184 10 193 10 191 39 181 38 ship 0.07
