0 235 2 221 52 240 47 254 ship 0.96
274 192 294 171 411 283 392 304 ship 0.91
131 44 137 37 168 62 162 69 ship 0.79
98 241 107 243 100 276 91 274 ship 0.46
189 336 181 333 190 312 197 316 ship 0.45
173 302 170 310 150 300 154 293 ship 0.38
226 389 221 396 194 378 199 371 ship 0.31
189 10 196 9 199 27 193 28 ship 0.25
350 494 354 488 372 499 368 506 ship 0.23
315 479 309 484 285 452 292 447 ship 0.21
340 481 343 476 361 490 357 494 ship 0.13
254 422 250 428 237 420 241 414 ship 0.12
402 508 405 501 419 506 417 512 ship 0.12
3 289 0 287 4 266 11 269 ship 0.11
257 432 262 426 294 452 289 458 ship 0.09
175 202 176 188 208 191 207 205 ship 0.08
507 6 512 9 502 30 497 28 ship 0.08
71 249 77 250 75 265 69 264 ship 0.07
