273 393 253 381 319 269 339 280 ship 0.99
236 119 254 129 199 228 181 218 ship 0.99
490 512 482 509 503 473 511 478 ship 0.95
132 331 117 322 177 220 192 229 ship 0.93
231 420 216 439 119 357 135 338 ship 0.88
130 115 119 107 153 61 164 69 ship 0.87
119 477 128 466 184 511 175 512 ship 0.4
457 508 460 500 474 505 472 512 ship 0.3
166 46 176 48 171 70 162 68 ship 0.17
204 217 215 224 161 316 150 309 ship 0.16
0 380 6 362 92 441 75 460 ship 0.14
252 406 259 410 248 429 242 425 ship 0.12
41 168 41 158 57 158 57 168 ship 0.1
125 472 134 475 123 503 114 500 ship 0.09
168 20 167 4 198 2 199 17 ship 0.08
