246 220 232 225 205 155 219 149 ship 1.0
208 126 195 131 177 82 190 78 ship 1.0
312 376 293 383 241 247 260 240 ship 0.99
118 320 125 323 112 350 105 347 ship 0.98
106 248 112 246 121 268 115 270 ship 0.88
0 54 8 42 50 79 40 90 ship 0.88
79 150 87 146 100 177 92 181 ship 0.65
122 291 116 294 108 281 114 278 ship 0.62
42 464 54 467 45 504 33 502 ship 0.4
322 403 329 400 336 419 329 421 ship 0.13
96 254 99 253 108 273 105 274 ship 0.13
497 149 497 155 480 157 479 151 ship 0.1
492 0 494 12 476 16 474 3 ship 0.06
409 166 415 170 396 202 390 198 ship 0.05
