47 266 60 267 53 345 40 344 ship 0.99
39 455 25 453 33 378 47 380 ship 0.96
218 192 225 186 247 213 241 219 ship 0.78
55 485 62 464 192 503 185 512 ship 0.75
498 170 490 166 511 131 512 135 ship 0.49
256 481 260 467 364 499 360 512 ship 0.33
389 455 392 448 408 456 405 462 ship 0.33
34 1 41 5 24 38 17 34 ship 0.3
260 172 253 178 237 160 243 154 ship 0.3
375 485 377 479 404 489 402 494 ship 0.13
179 509 180 503 197 507 196 512 ship 0.12
314 512 312 512 252 496 254 490 ship 0.12
391 508 389 512 368 508 370 501 ship 0.11
512 179 512 181 502 206 498 204 ship 0.08
74 272 66 273 63 253 72 252 ship 0.07
189 481 192 473 231 486 228 494 ship 0.07
346 435 349 429 369 440 366 446 ship 0.07
244 218 247 225 238 229 235 222 ship 0.06
444 510 443 512 411 504 412 500 ship 0.06
