76 477 85 480 69 512 61 512 ship 0.96
3 348 0 341 22 284 35 291 ship 0.93
130 381 124 377 136 361 141 365 ship 0.8
75 461 67 456 82 430 90 434 ship 0.75
53 228 40 240 0 192 8 180 ship 0.68
131 322 139 327 118 360 110 355 ship 0.57
146 358 137 353 156 325 164 330 ship 0.54
127 360 135 364 117 391 110 387 ship 0.45
173 344 165 343 170 314 177 316 ship 0.24
90 430 83 425 95 408 102 413 ship 0.22
137 355 129 350 159 306 167 311 ship 0.21
41 241 49 238 58 261 50 264 ship 0.17
379 465 385 469 376 484 370 481 ship 0.17
207 264 201 261 214 240 219 243 ship 0.15
131 363 127 359 136 344 141 347 ship 0.05
