278 220 264 225 237 155 251 149 ship 1.0
240 126 227 131 209 82 222 78 ship 1.0
344 376 325 383 273 247 292 240 ship 0.99
23 48 34 36 82 79 71 91 ship 0.99
150 320 157 323 144 350 137 347 ship 0.98
138 248 144 246 153 268 147 270 ship 0.89
111 150 119 146 132 177 124 181 ship 0.66
154 291 148 294 140 281 146 278 ship 0.63
74 465 85 468 77 503 65 500 ship 0.33
128 254 131 253 140 273 137 274 ship 0.12
457 123 464 120 470 136 462 139 ship 0.11
354 403 361 400 368 419 361 421 ship 0.1
480 157 476 148 495 140 499 149 ship 0.07
441 166 447 170 428 202 422 198 ship 0.05
