479 310 487 322 448 346 441 334 ship 0.99
346 120 328 127 276 2 294 0 ship 0.99
150 64 157 67 144 94 137 91 ship 0.98
427 509 420 510 415 489 422 487 ship 0.85
356 374 360 383 320 399 316 389 ship 0.75
316 374 312 366 338 351 342 358 ship 0.74
40 325 33 321 56 282 63 286 ship 0.52
435 316 431 309 461 292 465 299 ship 0.52
74 208 85 211 76 248 65 245 ship 0.35
154 35 149 38 140 25 146 22 ship 0.22
354 147 361 144 368 163 361 165 ship 0.15
506 250 509 258 462 281 458 274 ship 0.12
37 318 45 321 31 357 23 354 ship 0.12
152 1 152 11 139 10 139 0 ship 0.07
442 512 438 506 449 501 453 507 ship 0.07
