430 363 443 372 388 452 374 443 ship 1.0
76 220 85 224 68 268 59 264 ship 0.99
3 92 0 85 22 28 35 35 ship 0.91
470 324 465 318 483 302 488 309 ship 0.9
75 204 67 200 83 173 90 177 ship 0.8
130 125 124 121 136 105 141 108 ship 0.79
260 501 252 512 202 486 209 472 ship 0.72
354 302 363 308 342 339 333 333 ship 0.69
146 102 137 97 156 68 164 74 ship 0.53
119 103 113 100 122 86 127 90 ship 0.52
127 104 135 108 117 135 110 131 ship 0.45
380 209 386 213 376 229 370 226 ship 0.32
173 88 165 87 170 58 177 59 ship 0.3
135 101 128 96 160 49 168 54 ship 0.28
188 494 192 484 250 507 246 512 ship 0.27
90 174 83 169 95 152 102 157 ship 0.23
338 371 332 368 342 348 348 351 ship 0.18
128 84 125 82 140 60 143 62 ship 0.12
52 21 58 24 49 42 43 39 ship 0.06
