430 331 443 340 388 420 374 411 ship 1.0
76 188 85 192 68 236 59 232 ship 0.99
470 292 465 286 483 270 488 277 ship 0.9
75 172 67 168 83 141 90 145 ship 0.8
130 93 124 89 136 73 141 76 ship 0.77
354 270 363 276 342 307 333 301 ship 0.69
275 476 267 494 190 461 198 443 ship 0.69
4 60 0 53 21 0 34 2 ship 0.63
146 70 138 65 156 36 164 42 ship 0.51
119 71 113 68 121 54 127 58 ship 0.5
127 72 134 76 117 103 109 99 ship 0.43
380 177 386 181 376 197 370 194 ship 0.32
173 56 165 55 170 26 178 27 ship 0.26
90 142 83 137 95 120 102 125 ship 0.23
338 339 332 336 342 316 348 319 ship 0.19
129 52 125 50 139 29 143 31 ship 0.16
135 71 127 65 155 22 164 28 ship 0.15
434 511 434 503 449 503 449 511 ship 0.12
155 512 149 511 155 492 161 494 ship 0.1
266 508 263 512 178 478 182 471 ship 0.09
145 20 141 18 150 0 154 2 ship 0.08
0 475 11 458 47 505 26 512 ship 0.07
