15 145 0 137 66 27 81 36 ship 1.0
433 450 419 440 474 361 488 371 ship 1.0
120 220 129 224 112 267 103 264 ship 0.99
118 204 111 199 126 173 133 177 ship 0.78
171 127 166 123 179 104 185 108 ship 0.72
240 491 247 473 306 499 299 512 ship 0.7
165 87 171 91 164 103 158 99 ship 0.69
210 51 220 57 193 103 184 97 ship 0.56
135 172 128 167 139 152 146 157 ship 0.51
398 302 407 307 386 339 378 333 ship 0.47
175 93 184 99 162 133 153 127 ship 0.27
217 87 209 85 215 57 222 58 ship 0.27
147 138 154 142 145 157 138 153 ship 0.22
177 105 169 100 203 47 211 52 ship 0.22
425 208 431 212 420 228 414 224 ship 0.15
33 509 32 500 63 499 64 508 ship 0.06
383 369 378 366 388 347 393 350 ship 0.06
161 100 154 95 184 50 191 54 ship 0.05
