239 471 227 476 209 427 222 422 ship 1.0
339 210 329 236 222 196 231 170 ship 0.99
24 392 33 381 81 421 72 433 ship 0.98
358 277 363 269 381 280 376 288 ship 0.79
186 167 179 203 43 176 50 140 ship 0.75
141 10 144 3 171 13 168 20 ship 0.47
170 225 181 225 180 243 169 243 ship 0.39
260 512 250 512 239 498 249 492 ship 0.38
34 119 23 119 22 96 33 95 ship 0.08
209 292 218 292 219 319 209 319 ship 0.08
468 481 462 483 456 466 462 464 ship 0.08
451 241 446 241 445 224 450 224 ship 0.06
436 252 444 254 439 275 431 273 ship 0.06
285 128 288 120 331 138 328 146 ship 0.06
259 163 264 149 347 181 342 194 ship 0.06
181 16 178 23 167 19 169 12 ship 0.05
