415 345 408 333 448 310 455 321 ship 0.99
314 120 296 127 244 2 262 0 ship 0.99
118 64 125 67 112 94 105 91 ship 0.98
395 509 388 510 383 489 390 487 ship 0.86
324 374 328 383 288 399 284 389 ship 0.76
284 374 280 366 306 351 310 358 ship 0.74
403 316 399 309 428 292 433 299 ship 0.48
42 208 54 211 44 249 32 246 ship 0.32
25 281 33 285 12 321 4 316 ship 0.24
122 35 117 38 108 25 114 22 ship 0.21
322 147 329 144 336 163 329 165 ship 0.17
4 322 10 324 3 342 0 341 ship 0.07
411 512 407 506 416 501 420 507 ship 0.07
120 1 120 11 107 10 107 0 ship 0.07
