400 451 386 441 441 361 456 371 ship 1.0
88 220 97 224 80 268 71 264 ship 0.99
5 106 0 97 35 27 49 36 ship 0.95
86 204 79 200 93 173 101 178 ship 0.77
139 127 134 123 147 104 153 108 ship 0.72
208 491 215 473 274 499 267 512 ship 0.7
133 87 139 91 132 103 126 99 ship 0.69
484 323 479 317 496 302 501 308 ship 0.67
178 51 188 57 161 103 152 97 ship 0.56
103 172 96 167 107 152 114 157 ship 0.5
366 302 375 307 354 339 346 333 ship 0.45
129 135 120 129 145 92 153 98 ship 0.4
393 208 399 212 388 228 382 224 ship 0.28
185 87 177 85 183 57 190 58 ship 0.27
2 508 2 497 29 496 29 508 ship 0.26
145 105 137 100 171 47 179 52 ship 0.23
115 138 122 142 113 157 107 153 ship 0.22
351 369 346 366 355 347 361 350 ship 0.07
64 11 57 9 62 0 68 0 ship 0.05
