204 280 187 298 113 228 130 210 ship 1.0
496 471 483 476 465 427 478 422 ship 1.0
280 392 289 381 337 422 329 433 ship 0.99
123 75 132 50 209 77 200 102 ship 0.96
442 167 435 203 300 176 307 140 ship 0.73
427 225 438 225 438 242 427 242 ship 0.45
397 10 400 3 427 13 424 20 ship 0.45
510 179 512 193 480 200 477 186 ship 0.35
257 4 259 0 286 6 284 12 ship 0.18
511 512 500 512 497 496 508 494 ship 0.16
70 225 62 219 74 200 82 205 ship 0.15
497 12 495 18 466 9 468 3 ship 0.13
151 30 153 24 190 38 188 43 ship 0.12
178 5 181 0 208 6 205 14 ship 0.09
248 353 243 361 219 348 224 339 ship 0.09
0 137 6 137 7 151 0 151 ship 0.09
203 324 205 315 218 317 216 326 ship 0.06
463 290 473 290 474 327 464 327 ship 0.06
436 17 434 23 423 19 424 13 ship 0.06
