89 477 97 481 83 512 74 512 ship 0.96
4 363 0 354 35 282 50 292 ship 0.95
140 383 134 379 147 360 153 364 ship 0.72
91 434 99 438 86 461 79 457 ship 0.72
133 343 139 347 132 359 126 355 ship 0.71
179 308 188 313 161 359 152 354 ship 0.56
103 428 96 423 107 408 114 413 ship 0.48
2 185 15 174 61 225 48 237 ship 0.48
129 391 120 385 145 349 153 355 ship 0.42
53 242 60 239 71 266 63 269 ship 0.36
185 343 177 341 183 313 190 315 ship 0.28
146 360 138 355 171 304 179 309 ship 0.27
115 394 122 398 113 413 107 409 ship 0.21
70 488 65 485 77 469 81 472 ship 0.2
226 239 232 243 219 264 213 260 ship 0.2
392 464 398 468 388 483 382 480 ship 0.11
129 356 122 352 152 307 159 312 ship 0.1
144 51 137 57 114 32 121 26 ship 0.07
