207 471 195 476 177 427 190 422 ship 1.0
307 210 297 236 190 196 199 170 ship 0.99
0 396 7 386 49 423 41 433 ship 0.87
326 277 331 269 349 280 344 288 ship 0.79
154 167 147 203 9 176 15 141 ship 0.76
109 10 112 3 139 13 136 20 ship 0.46
138 224 149 225 148 243 137 242 ship 0.39
228 512 218 512 207 498 217 492 ship 0.38
462 110 459 97 504 88 506 101 ship 0.19
461 225 468 219 483 239 476 244 ship 0.15
436 479 429 481 424 466 430 463 ship 0.12
404 252 411 254 407 274 399 272 ship 0.1
177 292 186 292 187 319 177 319 ship 0.08
466 487 468 497 446 501 444 491 ship 0.08
31 497 27 500 0 468 2 464 ship 0.06
253 128 256 120 299 138 296 146 ship 0.06
227 163 232 149 315 181 310 194 ship 0.06
