433 418 419 408 474 329 488 339 ship 0.99
120 188 129 192 112 235 103 232 ship 0.99
15 113 0 105 66 0 81 3 ship 0.98
241 456 250 439 321 478 312 494 ship 0.88
118 172 111 168 126 141 133 145 ship 0.78
172 95 166 91 179 72 185 76 ship 0.71
165 55 171 59 164 71 158 68 ship 0.7
135 140 128 135 139 120 146 125 ship 0.51
210 19 220 25 194 72 184 66 ship 0.5
398 270 407 275 386 307 378 301 ship 0.47
218 21 225 24 210 64 203 61 ship 0.28
175 61 184 67 162 101 153 95 ship 0.27
147 106 154 110 145 125 138 121 ship 0.22
182 69 176 66 203 22 209 26 ship 0.19
425 176 431 180 420 196 414 192 ship 0.16
499 504 499 512 477 511 477 503 ship 0.13
315 511 311 512 222 473 226 465 ship 0.11
192 0 198 1 188 23 183 20 ship 0.11
190 15 198 20 169 69 161 64 ship 0.08
198 512 192 511 199 492 206 494 ship 0.07
383 337 378 334 387 315 393 318 ship 0.07
225 503 215 500 226 464 235 467 ship 0.06
