288 352 302 347 330 426 316 431 ship 0.99
271 48 279 27 387 67 379 89 ship 0.99
288 325 274 329 259 280 273 276 ship 0.99
129 278 119 288 72 245 81 235 ship 0.98
29 173 22 183 0 161 0 152 ship 0.85
373 191 369 200 328 183 331 175 ship 0.71
202 464 196 468 185 447 191 443 ship 0.61
405 146 409 138 424 146 420 153 ship 0.59
358 490 344 495 326 446 340 441 ship 0.47
170 3 176 0 252 14 246 31 ship 0.43
44 210 39 217 12 196 17 189 ship 0.4
158 346 168 342 182 378 172 381 ship 0.29
426 133 422 140 406 132 410 125 ship 0.29
479 243 485 242 487 263 481 264 ship 0.16
403 170 410 172 405 185 398 182 ship 0.13
506 134 512 136 504 173 497 171 ship 0.12
264 4 265 0 289 1 288 8 ship 0.09
510 178 510 186 494 186 493 179 ship 0.07
257 147 268 147 269 174 258 174 ship 0.06
501 271 493 271 492 259 501 259 ship 0.06
461 145 455 144 463 111 469 113 ship 0.05
487 222 481 221 485 198 491 199 ship 0.05
