124 316 151 325 92 492 66 483 ship 0.99
256 63 270 59 298 138 284 143 ship 0.99
385 475 396 496 326 512 316 511 ship 0.93
154 327 155 317 179 319 179 329 ship 0.85
255 37 243 41 231 4 244 0 ship 0.81
475 458 480 466 451 483 447 475 ship 0.8
193 347 196 337 213 343 210 353 ship 0.76
170 176 165 179 153 159 159 156 ship 0.72
384 328 377 330 371 313 378 311 ship 0.55
487 483 494 490 472 510 466 503 ship 0.45
328 201 315 207 296 162 309 157 ship 0.4
490 41 488 34 512 25 512 32 ship 0.33
126 58 136 54 150 90 140 94 ship 0.27
143 466 152 468 149 482 139 479 ship 0.25
481 14 478 5 505 0 508 4 ship 0.24
381 352 376 351 376 337 381 337 ship 0.23
496 70 493 63 512 53 512 60 ship 0.16
382 301 376 303 373 290 379 289 ship 0.08
468 213 467 218 450 213 452 208 ship 0.06
167 196 162 199 156 190 161 187 ship 0.05
