288 96 302 91 330 171 316 175 ship 0.99
288 69 274 73 259 24 273 19 ship 0.99
126 512 102 509 157 347 182 355 ship 0.95
186 359 187 349 211 351 211 361 ship 0.86
225 379 228 369 245 375 242 385 ship 0.73
92 6 98 0 127 19 121 27 ship 0.73
202 208 197 211 185 191 191 188 ship 0.73
505 493 509 502 483 512 479 506 ship 0.71
416 503 418 510 401 512 400 506 ship 0.5
416 360 409 362 403 345 410 343 ship 0.46
360 233 347 239 328 194 341 189 ship 0.39
158 90 168 86 182 122 172 125 ship 0.31
182 510 172 512 170 500 180 498 ship 0.3
408 371 415 370 415 384 408 384 ship 0.18
59 0 65 0 120 30 115 37 ship 0.18
104 482 111 485 96 512 88 512 ship 0.1
413 333 408 335 405 322 410 321 ship 0.05
199 228 194 231 188 222 193 219 ship 0.05
