400 420 385 410 442 329 456 339 ship 1.0
88 188 97 192 80 236 71 232 ship 0.99
209 456 218 439 289 478 280 494 ship 0.88
3 77 0 68 34 0 47 4 ship 0.79
86 172 79 168 93 141 101 146 ship 0.77
140 95 134 91 147 72 153 76 ship 0.71
133 55 139 59 132 71 126 68 ship 0.69
484 291 479 285 496 270 501 276 ship 0.67
178 19 188 25 162 72 152 66 ship 0.5
103 140 96 135 107 120 114 125 ship 0.5
366 270 375 275 354 307 346 301 ship 0.46
129 102 120 96 145 59 154 65 ship 0.34
186 21 193 24 178 64 171 61 ship 0.28
393 176 399 180 388 196 382 192 ship 0.28
115 106 122 110 113 125 107 121 ship 0.23
150 69 144 65 171 22 177 26 ship 0.19
283 511 279 512 190 473 194 465 ship 0.11
160 0 166 1 156 22 151 20 ship 0.11
444 511 444 505 467 504 467 510 ship 0.09
351 337 346 334 355 315 361 318 ship 0.08
158 15 166 20 137 69 129 64 ship 0.08
166 512 160 511 167 492 174 494 ship 0.07
59 0 65 0 55 19 49 17 ship 0.06
