183 224 174 250 22 199 31 173 ship 0.99
113 450 107 457 81 434 87 427 ship 0.92
144 484 136 492 111 470 118 461 ship 0.81
12 6 23 7 19 54 8 53 ship 0.66
34 392 39 386 50 394 45 400 ship 0.38
18 129 12 129 11 93 17 93 ship 0.32
362 300 355 317 299 293 306 276 ship 0.26
376 166 373 174 356 167 359 159 ship 0.23
315 148 318 141 337 151 334 158 ship 0.14
9 123 3 123 4 92 10 92 ship 0.12
512 282 507 322 324 255 338 215 ship 0.11
137 18 140 12 158 21 155 27 ship 0.07
289 135 291 129 313 139 310 145 ship 0.07
62 69 61 76 39 74 40 67 ship 0.06
506 457 499 456 501 431 508 431 ship 0.05
