183 256 174 282 22 231 31 205 ship 0.99
20 88 7 86 14 10 28 11 ship 0.94
113 483 108 489 82 467 88 460 ship 0.89
34 424 39 418 50 426 45 432 ship 0.37
18 161 12 161 11 125 17 125 ship 0.34
362 332 355 349 299 325 306 308 ship 0.26
376 198 373 206 356 198 359 191 ship 0.23
9 155 2 154 4 124 11 124 ship 0.18
315 180 318 174 337 183 334 190 ship 0.15
35 0 43 0 41 17 34 16 ship 0.13
512 314 507 353 324 287 338 247 ship 0.11
288 32 286 36 268 27 270 23 ship 0.08
289 167 291 161 313 171 310 177 ship 0.07
