204 248 187 266 113 196 130 178 ship 1.0
496 439 483 444 466 395 478 390 ship 1.0
280 360 289 349 337 390 329 401 ship 0.99
124 42 133 18 207 44 199 69 ship 0.95
366 462 376 459 388 490 379 494 ship 0.76
443 135 435 170 304 142 311 107 ship 0.71
512 501 507 503 496 466 505 464 ship 0.67
427 193 438 193 438 210 427 210 ship 0.45
510 147 512 161 480 168 477 154 ship 0.34
70 193 62 187 74 168 82 173 ship 0.15
217 285 219 293 208 297 205 288 ship 0.13
374 27 371 36 337 28 339 19 ship 0.1
248 321 243 329 219 316 224 307 ship 0.09
387 17 389 9 423 19 420 27 ship 0.08
0 105 6 105 7 119 0 119 ship 0.08
463 258 473 258 474 295 464 295 ship 0.06
257 62 253 78 217 68 221 53 ship 0.05
