207 439 195 443 178 394 190 390 ship 1.0
307 178 297 204 190 164 199 138 ship 0.99
234 510 222 512 205 466 218 462 ship 0.93
0 364 7 354 50 391 41 401 ship 0.9
326 245 331 237 349 248 344 256 ship 0.79
155 135 148 170 8 141 15 106 ship 0.74
78 463 88 459 100 490 91 494 ship 0.72
138 192 149 193 148 211 137 210 ship 0.39
408 478 415 482 396 512 389 510 ship 0.23
461 193 468 187 483 207 476 212 ship 0.15
463 79 460 65 504 55 507 69 ship 0.13
404 220 411 222 407 242 399 240 ship 0.1
98 17 101 9 135 19 132 27 ship 0.09
177 260 186 260 187 287 177 287 ship 0.08
86 27 84 36 49 28 51 18 ship 0.06
227 131 232 118 315 149 310 162 ship 0.05
50 16 46 26 0 7 0 0 ship 0.05
