273 112 258 104 322 0 337 2 ship 1.0
376 188 385 192 368 235 359 232 ship 0.99
374 172 367 168 382 141 389 145 ship 0.79
428 95 422 91 435 72 441 76 ship 0.7
421 55 427 59 420 71 414 67 ship 0.68
392 140 384 135 395 120 402 125 ship 0.49
462 30 470 35 448 71 440 66 ship 0.47
489 511 470 501 499 444 512 454 ship 0.31
433 79 421 71 458 16 470 23 ship 0.29
424 72 433 78 415 106 407 100 ship 0.29
403 106 410 110 401 125 394 121 ship 0.2
124 175 133 172 142 198 133 201 ship 0.2
474 22 481 25 465 65 457 62 ship 0.19
258 283 267 285 259 314 250 312 ship 0.11
448 0 454 2 444 22 439 20 ship 0.1
197 229 187 232 178 204 188 200 ship 0.09
508 22 501 22 501 9 508 9 ship 0.08
455 512 449 511 455 493 462 496 ship 0.06
292 450 293 460 251 466 249 457 ship 0.05
