239 439 227 443 210 394 222 390 ship 1.0
339 178 329 204 222 164 231 138 ship 0.99
24 360 33 349 81 389 72 401 ship 0.99
266 510 254 512 237 466 250 462 ship 0.93
358 245 363 237 381 248 376 256 ship 0.79
110 463 120 459 132 490 123 494 ship 0.75
186 135 179 171 42 144 50 108 ship 0.74
170 193 181 193 180 211 169 211 ship 0.39
440 478 447 482 428 512 421 510 ship 0.16
81 15 78 26 2 2 6 0 ship 0.11
118 27 115 36 81 28 83 19 ship 0.1
131 17 133 9 167 19 164 27 ship 0.09
209 260 218 260 219 287 209 287 ship 0.08
451 209 446 209 445 192 450 192 ship 0.06
436 220 444 222 439 243 431 241 ship 0.06
259 131 264 118 347 149 342 162 ship 0.05
35 88 26 89 23 62 32 62 ship 0.05
