302 268 317 269 309 343 295 341 ship 1.0
296 455 281 453 289 377 304 379 ship 0.99
34 400 21 414 0 382 0 368 ship 0.96
474 192 480 186 503 212 497 217 ship 0.85
53 442 50 449 37 444 40 436 ship 0.75
312 485 318 464 445 502 439 512 ship 0.71
107 492 115 489 120 504 111 507 ship 0.46
77 236 84 227 112 250 104 259 ship 0.34
291 0 298 4 281 38 273 34 ship 0.25
218 38 212 41 203 28 208 24 ship 0.11
512 171 505 175 495 158 502 154 ship 0.11
435 509 436 503 453 507 451 512 ship 0.1
492 228 488 221 499 215 503 223 ship 0.09
