256 96 270 91 298 171 284 175 ship 0.99
256 69 242 73 227 24 241 19 ship 0.99
94 512 67 510 124 345 151 355 ship 0.96
476 490 481 499 451 512 447 507 ship 0.89
154 359 155 349 179 351 179 361 ship 0.86
193 379 196 369 213 375 210 385 ship 0.73
170 208 165 211 153 191 159 188 ship 0.73
63 7 68 0 95 20 89 27 ship 0.7
384 360 377 362 371 345 378 343 ship 0.54
384 503 385 510 369 512 368 506 ship 0.49
328 233 315 239 296 194 309 189 ship 0.4
150 510 140 512 138 500 148 498 ship 0.3
126 90 136 86 150 122 140 125 ship 0.3
381 384 376 383 376 369 381 369 ship 0.23
482 45 479 36 505 27 508 35 ship 0.19
30 0 35 0 88 31 83 38 ship 0.15
490 73 488 66 512 58 512 65 ship 0.13
496 103 492 96 512 86 512 93 ship 0.13
479 18 476 11 494 4 497 11 ship 0.09
382 333 376 335 373 322 379 321 ship 0.08
468 245 467 250 450 245 452 240 ship 0.06
73 482 80 485 65 512 58 512 ship 0.06
167 228 162 231 156 222 161 219 ship 0.05
