53 86 39 85 46 10 60 11 ship 0.99
214 256 205 282 53 231 61 205 ship 0.99
38 199 25 197 33 122 47 124 ship 0.96
145 482 140 489 115 466 120 460 ship 0.91
66 424 71 418 81 427 77 433 ship 0.43
394 332 387 349 331 325 338 308 ship 0.24
408 198 405 206 388 198 391 191 ship 0.22
67 0 75 1 74 18 66 17 ship 0.15
347 180 350 174 369 183 366 190 ship 0.14
361 275 367 259 512 318 512 334 ship 0.09
320 32 318 36 300 27 302 23 ship 0.08
321 167 323 161 345 171 342 177 ship 0.07
172 512 168 512 147 499 151 494 ship 0.05
