20 344 7 342 15 265 28 266 ship 0.9
186 192 193 186 215 213 209 219 ship 0.78
21 487 26 467 158 500 153 512 ship 0.72
357 455 360 449 376 456 373 462 ship 0.37
18 417 12 417 11 381 17 381 ship 0.36
224 481 228 467 332 499 328 512 ship 0.33
228 172 221 178 205 160 211 154 ship 0.3
466 171 458 167 485 119 493 123 ship 0.26
9 411 2 411 4 380 11 380 ship 0.17
343 485 345 479 372 489 370 494 ship 0.16
147 509 148 503 165 507 164 512 ship 0.12
282 512 280 512 220 496 222 490 ship 0.12
359 508 357 512 336 508 338 501 ship 0.11
429 461 435 453 505 512 499 512 ship 0.09
314 435 317 429 337 440 334 446 ship 0.07
412 510 411 512 378 504 380 500 ship 0.07
157 481 160 473 199 486 196 494 ship 0.07
33 253 41 253 40 273 33 273 ship 0.07
212 218 215 225 206 229 203 222 ship 0.06
