272 145 257 135 323 27 338 36 ship 1.0
376 220 385 224 368 267 359 264 ship 0.99
374 204 367 199 382 173 389 177 ship 0.79
428 127 422 123 435 104 441 109 ship 0.71
421 87 427 91 420 103 414 99 ship 0.68
462 72 466 76 448 103 443 100 ship 0.49
392 172 384 167 395 152 402 157 ship 0.49
438 107 428 101 461 48 471 54 ship 0.41
295 484 296 495 252 499 251 489 ship 0.4
492 494 495 484 512 491 512 500 ship 0.23
15 492 6 488 12 475 21 479 ship 0.23
431 93 440 99 417 133 409 127 ship 0.21
403 138 410 142 401 157 394 153 ship 0.2
124 207 133 204 142 230 133 233 ship 0.2
474 56 481 58 471 88 464 86 ship 0.17
287 509 286 498 317 497 318 508 ship 0.16
258 315 267 317 259 346 250 344 ship 0.11
508 52 501 51 502 40 509 41 ship 0.1
197 261 187 264 178 236 188 232 ship 0.09
442 57 446 59 428 87 424 84 ship 0.05
