196 238 183 253 106 188 118 173 ship 1.0
150 36 165 44 136 100 121 93 ship 0.98
258 156 264 156 266 177 259 177 ship 0.96
459 479 475 464 512 505 497 512 ship 0.74
243 85 233 97 183 57 193 45 ship 0.53
512 332 505 350 466 323 478 305 ship 0.33
99 171 94 179 80 170 85 162 ship 0.31
416 481 406 476 417 455 426 459 ship 0.28
474 146 485 146 484 184 474 184 ship 0.23
223 90 231 81 271 115 263 124 ship 0.23
493 203 493 196 511 197 511 204 ship 0.17
5 29 0 26 6 8 13 11 ship 0.16
21 45 13 41 23 21 31 25 ship 0.15
402 97 408 97 408 109 402 109 ship 0.13
300 127 294 122 311 99 317 103 ship 0.13
272 334 279 332 282 345 275 347 ship 0.1
495 34 488 36 486 20 493 19 ship 0.07
216 283 212 291 200 285 204 277 ship 0.05
