15 401 0 392 66 283 81 292 ship 1.0
121 477 129 481 114 512 106 512 ship 0.96
95 227 81 240 18 173 32 159 ship 0.87
124 434 131 438 118 461 111 457 ship 0.73
172 383 166 379 179 360 185 364 ship 0.72
165 343 171 347 164 359 158 356 ship 0.72
211 308 220 313 193 359 184 354 ship 0.56
135 428 128 423 139 408 146 413 ship 0.49
184 355 176 350 206 301 214 306 ship 0.39
85 242 92 239 103 266 96 269 ship 0.33
160 390 152 385 177 348 186 353 ship 0.28
217 343 209 341 215 313 222 315 ship 0.28
147 394 154 398 145 413 138 409 ship 0.21
258 239 264 243 251 264 245 260 ship 0.2
102 489 97 486 109 469 113 472 ship 0.19
161 356 155 352 184 308 191 312 ship 0.11
425 464 430 468 420 483 414 480 ship 0.08
176 51 169 57 146 32 153 26 ship 0.07
447 24 445 17 464 12 466 18 ship 0.05
