164 238 151 253 74 188 86 173 ship 1.0
117 35 132 42 104 102 88 95 ship 0.98
226 156 233 156 234 177 227 177 ship 0.96
434 331 443 305 512 330 509 356 ship 0.92
490 511 475 512 423 482 439 465 ship 0.83
211 85 201 97 151 57 161 45 ship 0.53
512 195 512 203 495 194 499 187 ship 0.47
442 146 452 146 452 182 442 182 ship 0.38
482 198 481 205 460 203 461 196 ship 0.36
384 481 374 476 385 455 394 459 ship 0.33
191 90 199 81 239 115 231 124 ship 0.23
66 171 61 179 49 171 53 163 ship 0.22
508 220 507 229 484 227 485 218 ship 0.2
370 97 376 97 376 109 370 109 ship 0.18
268 127 262 122 279 99 285 103 ship 0.13
439 60 446 62 441 78 434 76 ship 0.12
512 262 508 269 475 249 479 242 ship 0.11
240 334 247 332 250 345 243 347 ship 0.1
510 170 503 168 506 156 512 158 ship 0.1
461 35 454 34 456 20 463 21 ship 0.09
459 287 460 282 505 294 503 300 ship 0.08
462 108 463 115 447 116 446 108 ship 0.07
184 283 180 291 168 285 172 277 ship 0.05
441 205 447 205 447 221 440 220 ship 0.05
