256 352 270 347 298 426 284 431 ship 0.99
239 48 247 27 354 67 347 88 ship 0.99
256 325 242 329 227 280 241 276 ship 0.99
97 277 88 287 39 244 48 234 ship 0.99
341 191 337 199 296 183 299 175 ship 0.72
170 464 165 467 153 447 159 443 ship 0.64
373 146 377 138 392 146 388 153 ship 0.6
326 490 312 495 294 446 308 441 ship 0.47
142 8 149 0 226 17 219 36 ship 0.42
126 346 136 342 150 378 140 381 ship 0.3
394 132 390 140 373 131 377 124 ship 0.25
490 330 488 323 512 314 512 321 ship 0.19
371 170 378 172 373 185 366 182 ship 0.14
496 359 492 351 512 341 512 349 ship 0.12
1 203 10 206 5 220 0 218 ship 0.11
232 4 233 0 257 1 256 8 ship 0.09
140 454 145 451 165 481 160 484 ship 0.07
225 146 234 146 235 173 227 173 ship 0.06
507 283 510 292 482 302 479 293 ship 0.05
