123 331 132 307 208 334 199 358 ship 0.97
203 196 199 204 182 194 186 187 ship 0.87
111 482 128 465 173 509 156 512 ship 0.85
442 423 435 459 299 432 307 396 ship 0.72
129 147 139 147 137 181 128 180 ship 0.67
427 481 438 481 437 499 426 498 ship 0.4
510 435 512 450 480 456 477 442 ship 0.31
72 480 63 476 73 455 82 460 ship 0.3
207 227 205 235 172 227 174 219 ship 0.28
169 197 168 204 147 202 148 195 ship 0.2
148 36 141 34 144 20 152 21 ship 0.14
464 234 462 241 436 232 438 225 ship 0.14
58 97 64 98 63 109 57 109 ship 0.13
215 26 221 26 220 41 213 40 ship 0.12
149 107 150 115 135 115 134 108 ship 0.08
0 393 6 393 7 407 0 407 ship 0.08
286 145 283 152 260 140 263 133 ship 0.08
183 35 182 40 164 37 165 32 ship 0.06
423 268 420 275 395 263 398 256 ship 0.06
256 350 251 367 217 358 222 341 ship 0.05
