156 316 183 325 124 492 98 483 ship 0.99
288 63 302 59 330 138 316 143 ship 0.99
417 475 428 496 358 512 348 511 ship 0.93
186 327 187 317 211 319 211 329 ship 0.85
287 37 275 41 264 5 276 1 ship 0.82
225 347 228 337 245 343 242 353 ship 0.76
202 176 197 179 185 159 191 156 ship 0.72
506 460 510 469 483 482 478 474 ship 0.63
416 328 409 330 403 313 410 311 ship 0.47
360 201 347 207 328 162 341 157 ship 0.39
158 58 168 54 182 90 172 93 ship 0.28
175 466 184 468 181 482 171 479 ship 0.26
408 337 414 337 415 351 409 351 ship 0.19
413 301 408 303 405 290 410 289 ship 0.05
199 196 194 199 188 190 193 187 ship 0.05
