272 400 257 391 322 283 337 292 ship 1.0
377 477 385 481 371 512 362 512 ship 0.96
353 227 338 241 271 172 286 158 ship 0.96
14 49 13 38 33 35 34 46 ship 0.73
374 460 366 456 382 429 389 433 ship 0.73
428 383 422 379 436 360 441 365 ship 0.71
421 343 427 347 420 359 414 355 ship 0.7
462 329 466 332 448 359 443 356 ship 0.56
391 428 384 423 395 408 402 413 ship 0.48
446 356 438 351 463 307 472 312 ship 0.32
341 242 348 239 359 266 352 269 ship 0.26
431 349 440 355 418 389 409 383 ship 0.23
469 346 462 344 471 311 479 314 ship 0.22
403 394 410 398 401 413 394 409 ship 0.19
24 33 43 40 0 152 0 144 ship 0.19
358 489 353 486 365 468 370 472 ship 0.16
512 242 512 244 502 266 498 264 ship 0.12
0 98 0 95 17 53 23 56 ship 0.12
184 508 177 506 180 491 187 493 ship 0.12
122 464 132 460 142 486 132 490 ship 0.1
503 295 510 298 506 309 499 307 ship 0.08
432 51 425 57 404 34 411 28 ship 0.06
