238 456 230 467 196 440 204 429 ship 0.98
126 210 138 175 328 242 316 277 ship 0.97
467 429 480 429 479 481 466 481 ship 0.85
134 94 127 94 128 78 135 79 ship 0.7
224 482 231 474 255 492 248 501 ship 0.51
134 227 121 223 134 177 147 181 ship 0.51
159 405 156 411 142 405 145 398 ship 0.43
0 274 7 272 10 288 2 289 ship 0.28
511 187 507 194 486 183 489 177 ship 0.2
446 237 437 258 332 213 341 192 ship 0.11
148 0 148 6 137 5 137 0 ship 0.06
129 64 136 65 135 77 128 76 ship 0.06
194 136 191 144 168 138 170 129 ship 0.05
