276 377 284 382 262 419 253 414 ship 0.98
361 214 373 221 349 263 336 255 ship 0.89
164 73 181 57 248 130 231 146 ship 0.75
299 315 287 307 323 256 335 264 ship 0.75
162 331 155 326 170 304 177 309 ship 0.66
196 139 204 132 233 164 225 172 ship 0.57
230 242 246 251 193 342 177 332 ship 0.49
269 357 262 353 276 329 283 334 ship 0.49
249 169 243 172 231 143 237 141 ship 0.25
98 422 89 429 66 397 75 390 ship 0.24
151 504 143 501 152 473 160 476 ship 0.17
401 166 395 163 407 141 413 144 ship 0.15
502 266 500 273 482 268 484 261 ship 0.12
276 186 282 190 261 222 255 218 ship 0.12
259 375 256 373 264 361 267 363 ship 0.12
321 27 315 32 291 3 296 0 ship 0.07
233 136 225 144 207 122 216 115 ship 0.07
293 300 300 304 284 332 277 328 ship 0.06
434 217 431 224 392 208 394 201 ship 0.05
