308 233 316 238 292 276 284 271 ship 0.98
393 69 406 77 381 119 368 111 ship 0.89
331 170 320 162 353 113 365 121 ship 0.73
179 512 178 503 222 497 224 506 ship 0.64
194 187 187 182 203 160 210 165 ship 0.63
264 93 279 102 224 197 209 188 ship 0.55
261 21 257 26 240 12 245 7 ship 0.48
307 190 314 194 301 214 295 210 ship 0.47
185 329 193 331 186 358 178 356 ship 0.24
130 279 120 285 99 254 109 247 ship 0.19
433 23 427 19 440 0 446 1 ship 0.14
307 42 314 46 293 77 287 72 ship 0.14
291 231 288 229 295 217 299 219 ship 0.1
166 175 160 171 172 153 178 157 ship 0.06
213 496 213 488 243 490 243 498 ship 0.06
477 82 479 76 512 88 512 94 ship 0.05
325 155 332 159 316 187 309 183 ship 0.05
278 25 270 25 271 5 278 5 ship 0.05
