164 233 173 238 149 276 140 270 ship 0.98
470 465 457 456 505 385 512 394 ship 0.96
249 71 262 78 236 120 224 113 ship 0.88
186 171 174 163 210 112 221 120 ship 0.77
36 512 35 503 78 497 79 506 ship 0.5
163 189 170 193 158 213 151 209 ship 0.45
97 11 101 6 119 20 115 26 ship 0.44
82 187 68 178 122 92 137 101 ship 0.43
50 187 43 181 58 160 65 165 ship 0.43
433 319 441 324 423 351 416 346 ship 0.26
295 0 301 2 288 23 282 19 ship 0.17
149 230 145 228 152 217 156 219 ship 0.08
69 497 70 489 98 492 97 501 ship 0.06
38 327 48 329 41 360 32 358 ship 0.06
133 22 127 22 124 3 131 2 ship 0.06
170 192 163 188 178 161 185 165 ship 0.05
