309 305 299 316 248 272 258 260 ship 0.99
464 351 452 354 439 309 450 306 ship 0.99
415 259 425 255 445 299 434 303 ship 0.99
207 198 199 210 163 185 171 174 ship 0.97
434 174 447 174 446 224 434 224 ship 0.89
192 226 198 218 222 237 215 245 ship 0.78
279 0 285 7 255 19 249 5 ship 0.6
127 149 124 155 110 149 113 142 ship 0.39
359 404 351 407 343 381 352 379 ship 0.21
510 413 502 415 499 403 507 401 ship 0.13
251 0 254 6 237 12 234 1 ship 0.12
32 412 48 418 28 483 11 478 ship 0.07
55 473 62 476 45 511 38 508 ship 0.06
40 89 44 81 54 85 51 93 ship 0.05
