308 377 316 382 294 419 285 414 ship 0.98
393 214 406 221 381 262 368 255 ship 0.89
196 73 213 57 280 130 263 146 ship 0.75
331 315 319 307 355 256 367 264 ship 0.75
194 331 187 326 202 304 209 309 ship 0.66
228 139 236 132 265 164 257 172 ship 0.57
262 242 278 251 225 342 209 332 ship 0.49
301 357 294 353 308 329 315 334 ship 0.49
281 169 275 172 263 143 269 141 ship 0.25
183 504 175 501 184 473 192 476 ship 0.17
130 422 121 429 98 397 107 390 ship 0.15
440 142 446 146 432 168 426 164 ship 0.13
308 186 314 190 293 222 287 218 ship 0.12
291 375 288 373 296 361 299 363 ship 0.12
475 220 473 226 426 207 429 200 ship 0.09
265 136 257 144 239 122 248 115 ship 0.07
353 27 347 32 323 3 328 0 ship 0.07
479 226 481 220 512 232 512 238 ship 0.07
325 300 332 304 316 332 309 328 ship 0.06
