213 208 200 199 258 116 272 125 ship 1.0
144 357 127 354 141 288 158 291 ship 0.98
268 290 274 296 255 318 249 312 ship 0.97
7 271 12 257 104 290 99 305 ship 0.71
491 437 488 447 463 437 466 428 ship 0.49
300 83 293 78 304 62 310 67 ship 0.38
492 378 497 367 512 376 512 387 ship 0.29
178 62 185 67 167 95 160 91 ship 0.2
308 58 301 52 330 9 337 14 ship 0.13
420 430 428 432 419 466 412 464 ship 0.12
223 374 220 381 198 372 201 365 ship 0.09
24 357 29 347 88 378 83 388 ship 0.07
274 111 268 109 277 90 283 93 ship 0.07
427 16 420 18 417 3 424 2 ship 0.06
