181 208 168 199 226 116 240 125 ship 1.0
112 358 95 354 109 288 126 291 ship 0.99
236 290 242 296 223 318 217 312 ship 0.97
461 380 464 368 496 375 494 387 ship 0.88
268 83 261 78 272 62 278 67 ship 0.38
0 279 3 266 69 291 64 304 ship 0.3
458 436 455 446 431 438 434 428 ship 0.24
146 62 153 67 135 95 128 91 ship 0.19
500 442 500 435 512 435 512 442 ship 0.16
500 419 500 412 512 412 512 420 ship 0.15
276 58 269 52 298 9 305 14 ship 0.13
388 430 395 432 387 466 379 464 ship 0.12
191 374 188 381 166 372 169 365 ship 0.09
396 17 389 19 385 3 392 2 ship 0.08
242 111 236 109 245 90 251 93 ship 0.07
484 439 500 438 505 506 488 507 ship 0.07
144 357 141 364 120 358 122 350 ship 0.05
