198 442 209 461 117 511 107 492 ship 1.0
177 265 191 261 206 310 193 314 ship 1.0
410 391 416 403 383 420 377 408 ship 0.99
345 10 347 20 317 29 315 19 ship 0.31
447 387 441 390 429 367 435 364 ship 0.29
503 279 508 282 495 305 490 301 ship 0.21
492 441 505 449 479 490 467 482 ship 0.19
202 257 196 260 192 252 197 249 ship 0.18
504 454 510 459 488 488 482 484 ship 0.14
410 32 403 34 396 5 402 3 ship 0.11
300 420 303 428 277 440 273 432 ship 0.07
188 252 183 254 180 247 185 245 ship 0.06
184 75 179 76 175 62 180 60 ship 0.05
