206 456 198 467 164 440 172 429 ship 0.98
94 210 106 175 296 242 284 277 ship 0.97
434 428 447 428 446 480 433 479 ship 0.79
96 79 104 80 102 95 94 94 ship 0.71
192 482 199 474 223 492 216 501 ship 0.51
102 227 89 223 102 177 115 181 ship 0.47
127 405 124 411 110 405 113 398 ship 0.42
484 189 481 196 454 183 457 176 ship 0.13
414 237 405 258 300 213 309 192 ship 0.11
97 64 104 65 103 77 96 76 ship 0.06
40 345 44 337 54 341 51 349 ship 0.06
116 0 116 6 105 5 105 0 ship 0.06
319 137 322 129 343 136 340 144 ship 0.05
456 150 452 157 435 145 439 139 ship 0.05
