419 283 407 287 390 241 401 237 ship 1.0
203 206 211 196 260 237 251 247 ship 0.99
145 138 139 144 114 122 120 115 ship 0.93
312 335 303 338 291 306 299 303 ship 0.89
145 156 153 148 176 173 169 180 ship 0.87
66 80 70 74 81 82 77 88 ship 0.56
189 1 188 9 172 6 173 0 ship 0.3
381 0 382 5 371 6 371 0 ship 0.15
0 444 0 442 5 406 11 408 ship 0.15
305 415 311 412 322 430 316 434 ship 0.1
400 155 390 156 387 105 398 105 ship 0.08
512 473 508 476 501 459 509 456 ship 0.06
320 439 326 435 334 446 328 450 ship 0.06
