104 372 93 385 38 337 49 324 ship 0.99
175 179 157 164 213 100 230 116 ship 0.98
353 124 366 132 326 202 312 194 ship 0.94
286 268 277 262 307 215 315 220 ship 0.92
246 369 260 353 338 420 324 436 ship 0.69
245 77 252 82 234 104 227 98 ship 0.45
244 362 229 354 247 324 261 333 ship 0.42
309 75 318 68 351 113 341 120 ship 0.41
274 274 283 279 268 309 259 305 ship 0.32
34 309 22 326 0 302 2 285 ship 0.21
293 321 287 320 291 300 298 301 ship 0.2
266 103 267 94 306 95 306 104 ship 0.12
311 335 301 328 354 241 365 247 ship 0.06
260 376 253 372 261 359 268 363 ship 0.06
