181 176 168 167 226 84 240 93 ship 1.0
112 326 95 322 109 256 126 259 ship 0.99
236 258 242 264 223 286 217 280 ship 0.97
461 348 464 336 496 343 494 355 ship 0.88
458 404 455 414 431 406 434 396 ship 0.31
268 49 262 45 271 31 277 35 ship 0.3
0 247 3 234 69 259 64 272 ship 0.3
500 387 500 380 512 380 512 388 ship 0.13
499 410 500 403 512 403 512 411 ship 0.13
144 32 152 37 136 65 128 61 ship 0.11
191 342 188 349 166 340 169 333 ship 0.09
273 29 264 22 284 0 293 0 ship 0.09
242 79 236 76 245 59 251 61 ship 0.07
388 398 395 400 387 435 379 433 ship 0.06
144 325 141 332 120 326 122 318 ship 0.05
