309 273 299 284 248 240 258 228 ship 0.99
464 319 452 322 439 277 450 274 ship 0.99
415 227 425 223 445 267 434 271 ship 0.99
207 166 199 178 163 153 171 142 ship 0.97
434 142 447 142 446 192 434 192 ship 0.89
192 194 198 186 222 205 215 213 ship 0.78
127 117 124 123 110 117 113 110 ship 0.37
359 372 351 374 344 350 353 348 ship 0.21
510 381 502 383 499 371 507 369 ship 0.13
32 380 48 385 27 451 11 446 ship 0.12
51 440 59 444 43 478 35 474 ship 0.08
40 56 43 48 54 52 51 59 ship 0.06
483 0 484 8 466 10 465 0 ship 0.05
