276 345 284 350 262 387 253 382 ship 0.98
361 182 373 189 349 231 336 223 ship 0.89
248 98 229 116 160 41 179 23 ship 0.86
299 283 287 275 323 224 335 232 ship 0.75
162 299 155 294 170 272 177 277 ship 0.66
196 107 205 100 233 132 225 140 ship 0.58
230 210 246 219 193 310 177 300 ship 0.49
269 325 262 321 276 297 283 302 ship 0.49
98 390 89 397 66 365 75 358 ship 0.3
249 137 243 140 230 111 236 108 ship 0.24
152 471 145 469 152 442 160 444 ship 0.22
401 134 395 131 407 109 413 112 ship 0.12
502 234 500 241 482 236 484 229 ship 0.12
276 154 282 158 261 190 255 186 ship 0.12
259 343 256 341 264 329 267 331 ship 0.12
293 268 300 272 284 300 277 296 ship 0.06
434 185 431 192 392 176 394 169 ship 0.05
