277 233 285 239 261 277 252 271 ship 0.98
361 69 374 77 349 119 336 111 ship 0.89
299 170 288 162 321 113 333 121 ship 0.73
147 512 146 503 190 497 192 506 ship 0.63
162 187 155 182 171 160 178 165 ship 0.63
232 94 247 102 192 197 177 188 ship 0.55
229 21 225 26 208 12 213 7 ship 0.48
275 190 282 194 269 214 263 210 ship 0.47
98 278 89 285 67 253 76 247 ship 0.28
152 329 161 331 154 358 146 356 ship 0.24
401 23 395 19 408 0 413 1 ship 0.17
275 42 282 46 261 77 255 72 ship 0.14
259 231 256 229 263 217 267 219 ship 0.1
501 121 499 128 482 124 484 117 ship 0.08
181 496 181 488 211 490 211 498 ship 0.06
134 175 128 171 140 153 146 157 ship 0.06
293 155 300 159 284 187 277 183 ship 0.05
246 25 238 25 239 5 246 5 ship 0.05
