213 176 200 167 258 84 272 93 ship 1.0
144 325 127 322 141 256 158 259 ship 0.98
268 258 274 264 255 286 249 280 ship 0.97
7 239 12 225 104 258 99 273 ship 0.71
491 405 488 415 463 406 466 396 ship 0.5
300 49 294 45 303 31 309 35 ship 0.3
492 346 497 335 512 344 512 355 ship 0.29
176 32 184 37 168 65 160 61 ship 0.12
223 342 220 349 198 340 201 333 ship 0.09
305 29 296 22 316 0 325 0 ship 0.09
420 398 428 400 419 434 411 432 ship 0.09
24 325 29 315 88 346 83 356 ship 0.08
274 79 268 76 277 59 283 61 ship 0.07
144 353 137 352 139 331 146 332 ship 0.06
