104 404 93 417 38 369 49 356 ship 0.99
175 211 157 196 213 132 230 148 ship 0.98
353 156 366 164 326 234 312 226 ship 0.94
286 300 277 294 307 247 315 252 ship 0.92
246 401 260 385 337 452 323 468 ship 0.68
245 109 252 114 234 136 227 130 ship 0.45
309 107 318 100 350 145 341 152 ship 0.44
244 394 229 386 247 356 261 365 ship 0.41
274 306 283 311 268 341 259 337 ship 0.32
33 341 23 354 0 331 3 318 ship 0.23
293 353 287 352 291 332 298 333 ship 0.2
266 135 267 126 306 127 306 136 ship 0.14
261 339 254 336 266 308 273 311 ship 0.13
311 367 301 360 354 273 365 279 ship 0.07
260 408 254 404 261 391 268 395 ship 0.05
