495 456 486 467 452 441 460 430 ship 0.97
374 205 384 172 512 215 512 248 ship 0.93
133 167 129 173 115 164 120 158 ship 0.87
48 102 55 95 73 112 67 119 ship 0.78
390 94 383 93 384 78 391 79 ship 0.73
391 227 377 223 390 177 404 181 ship 0.53
0 56 0 46 7 43 10 53 ship 0.52
415 404 412 411 398 405 401 398 ship 0.43
257 276 263 274 267 289 261 291 ship 0.37
189 215 197 218 189 239 182 236 ship 0.07
221 1 219 8 203 5 204 0 ship 0.07
405 0 404 6 393 5 393 0 ship 0.06
385 64 392 65 391 77 384 76 ship 0.06
476 13 479 7 499 15 497 22 ship 0.06
341 342 337 350 326 345 330 337 ship 0.05
