308 345 316 350 294 387 285 382 ship 0.98
393 182 406 189 381 230 368 223 ship 0.89
280 98 261 116 192 41 211 23 ship 0.86
331 283 319 275 355 224 367 232 ship 0.74
194 299 187 294 202 272 209 277 ship 0.66
228 107 237 100 265 132 257 140 ship 0.58
301 325 294 321 308 297 315 302 ship 0.49
262 210 278 219 225 310 209 300 ship 0.49
281 137 275 140 262 111 268 108 ship 0.24
184 471 177 469 184 442 192 444 ship 0.22
130 390 120 397 98 365 108 358 ship 0.2
308 154 314 158 293 190 287 186 ship 0.12
291 343 288 341 296 329 299 331 ship 0.12
433 135 427 131 439 109 445 112 ship 0.11
475 188 473 194 426 175 429 168 ship 0.09
479 194 481 188 512 200 512 206 ship 0.07
325 268 332 272 316 300 309 296 ship 0.06
