274 292 282 282 330 324 322 334 ship 1.0
198 178 184 196 98 126 113 109 ship 1.0
462 328 473 324 491 371 480 375 ship 1.0
189 202 197 192 231 218 222 229 ship 0.95
487 392 498 388 512 436 508 440 ship 0.95
362 396 370 392 385 424 377 427 ship 0.93
459 196 470 196 468 246 457 246 ship 0.88
215 245 221 238 244 257 238 264 ship 0.81
403 512 397 512 384 493 390 490 ship 0.5
68 102 75 106 66 122 59 118 ship 0.16
512 31 510 61 421 30 431 1 ship 0.14
320 334 316 339 277 306 281 301 ship 0.05
512 13 512 24 441 5 444 0 ship 0.05
