387 298 380 292 401 268 408 274 ship 0.99
241 249 235 264 153 233 159 218 ship 0.99
440 41 446 46 432 64 426 59 ship 0.97
76 328 74 337 43 328 46 319 ship 0.92
317 335 317 327 341 325 341 333 ship 0.77
384 388 391 390 388 404 381 403 ship 0.26
114 260 121 262 111 294 104 292 ship 0.25
309 43 315 47 304 63 298 59 ship 0.22
25 0 25 4 3 3 4 0 ship 0.19
351 83 367 92 334 149 319 141 ship 0.12
397 428 392 426 399 405 405 407 ship 0.12
247 275 243 285 157 253 160 243 ship 0.1
392 473 381 474 381 438 391 438 ship 0.09
235 290 232 296 162 269 165 263 ship 0.08
122 262 128 263 124 286 117 285 ship 0.07
381 425 396 405 512 492 498 512 ship 0.07
