131 41 124 35 145 12 152 18 ship 0.98
321 69 330 63 351 96 343 101 ship 0.97
62 79 61 71 85 69 86 77 ship 0.68
340 163 339 154 353 153 354 162 ship 0.36
128 132 135 134 132 148 125 147 ship 0.27
296 150 304 152 297 185 288 184 ship 0.24
367 177 362 178 361 159 366 159 ship 0.18
141 172 136 170 143 149 148 151 ship 0.15
289 191 295 193 291 213 284 211 ship 0.12
33 45 50 49 34 118 17 114 ship 0.11
5 26 14 27 12 42 3 41 ship 0.07
259 63 266 66 257 90 249 87 ship 0.06
134 219 124 219 126 180 136 181 ship 0.06
