236 359 252 343 325 419 309 435 ship 0.99
64 124 78 132 36 204 22 196 ship 0.97
0 258 0 254 19 215 25 219 ship 0.53
20 75 30 68 63 113 54 120 ship 0.51
327 456 320 458 310 435 316 432 ship 0.45
429 412 435 412 434 438 429 437 ship 0.21
7 267 0 262 23 218 33 223 ship 0.15
313 492 308 485 327 472 331 479 ship 0.11
6 321 0 320 4 302 10 303 ship 0.07
483 432 489 435 477 458 471 455 ship 0.06
4 51 0 49 9 26 14 28 ship 0.06
368 216 377 216 378 226 369 226 ship 0.05
64 406 60 412 32 394 35 388 ship 0.05
