355 215 348 205 387 178 394 189 ship 0.99
412 282 418 290 394 309 388 300 ship 0.99
195 264 198 274 164 286 160 276 ship 0.97
347 419 339 420 327 363 336 361 ship 0.91
248 220 253 229 218 247 214 239 ship 0.91
224 271 220 262 258 242 263 251 ship 0.86
319 424 334 431 316 473 301 467 ship 0.79
260 14 268 11 277 33 269 36 ship 0.44
219 252 224 261 206 269 202 260 ship 0.25
2 39 0 37 6 1 12 3 ship 0.18
304 70 307 77 289 83 287 77 ship 0.09
276 403 281 397 304 414 300 420 ship 0.09
343 184 340 180 366 164 369 168 ship 0.07
344 427 358 430 345 485 331 481 ship 0.06
