236 48 253 32 328 109 311 126 ship 0.99
340 398 331 394 354 355 362 359 ship 0.99
287 355 274 367 204 297 217 285 ship 0.96
351 331 343 327 361 297 368 301 ship 0.9
262 470 249 462 278 415 291 423 ship 0.58
327 145 321 147 310 123 316 121 ship 0.5
366 304 358 299 374 273 382 278 ship 0.41
35 279 43 273 62 296 54 302 ship 0.38
512 191 508 200 470 185 473 176 ship 0.37
255 473 264 474 261 493 253 492 ship 0.26
226 483 219 480 233 454 239 457 ship 0.15
429 99 435 99 434 126 428 126 ship 0.13
476 145 470 142 482 119 488 122 ship 0.1
160 399 147 407 119 359 131 351 ship 0.1
313 179 308 172 327 160 332 167 ship 0.08
0 89 9 74 51 105 40 121 ship 0.06
114 369 109 372 97 347 102 345 ship 0.05
