371 111 362 106 385 67 394 72 ship 0.99
326 499 318 507 298 486 306 478 ship 0.94
319 65 307 77 243 16 255 4 ship 0.94
383 45 374 40 398 0 407 2 ship 0.9
420 440 417 448 386 440 389 431 ship 0.88
369 426 360 434 316 384 324 376 ship 0.88
293 181 280 173 310 127 323 135 ship 0.53
287 185 295 185 294 205 286 205 ship 0.19
262 166 269 169 260 194 252 191 ship 0.17
459 372 466 374 455 404 448 402 ship 0.16
194 113 181 121 151 71 164 63 ship 0.1
67 2 69 0 90 3 88 9 ship 0.06
504 318 512 324 499 362 486 356 ship 0.05
