355 247 348 237 387 210 394 221 ship 0.99
412 314 418 322 394 341 388 332 ship 0.99
195 296 198 306 164 318 160 308 ship 0.97
348 451 339 453 327 395 336 393 ship 0.92
248 252 253 261 218 279 214 271 ship 0.91
33 2 42 7 25 39 16 34 ship 0.86
224 303 220 294 258 274 263 283 ship 0.86
322 456 334 462 314 500 303 494 ship 0.79
219 284 224 293 206 301 202 292 ship 0.25
261 48 268 45 276 65 269 68 ship 0.18
229 24 223 26 216 8 222 6 ship 0.15
304 102 307 109 290 115 287 109 ship 0.12
276 436 281 429 304 446 300 452 ship 0.08
228 0 238 0 243 9 233 13 ship 0.08
1 69 0 67 4 38 9 40 ship 0.07
343 216 340 212 366 196 369 200 ship 0.07
