274 260 282 250 330 292 322 302 ship 1.0
198 146 184 163 98 94 112 77 ship 1.0
462 296 473 292 491 339 480 343 ship 1.0
189 170 197 160 231 186 222 197 ship 0.95
487 361 498 356 512 404 508 408 ship 0.94
362 364 370 360 385 392 377 395 ship 0.93
459 164 470 164 468 214 457 214 ship 0.88
385 461 391 457 404 479 397 482 ship 0.86
215 213 221 206 244 225 238 232 ship 0.81
390 493 397 490 402 499 396 503 ship 0.22
68 70 75 74 66 90 59 86 ship 0.18
507 18 503 34 415 7 420 0 ship 0.18
320 302 316 307 277 274 281 269 ship 0.05
