390 259 382 254 401 223 409 227 ship 0.96
370 291 363 287 379 258 386 262 ship 0.95
362 52 370 48 385 80 377 84 ship 0.94
385 149 391 145 404 167 398 170 ship 0.89
488 50 499 45 512 93 508 97 ship 0.88
308 442 314 446 298 472 291 468 ship 0.86
0 406 4 395 34 406 30 418 ship 0.84
467 1 477 0 491 27 481 32 ship 0.78
0 417 2 409 31 418 28 426 ship 0.57
401 187 395 191 390 182 396 178 ship 0.51
329 402 318 400 325 362 336 365 ship 0.49
283 507 277 504 290 474 295 476 ship 0.16
343 334 336 331 355 284 362 287 ship 0.06
