165 434 151 452 69 385 83 368 ship 1.0
87 120 96 122 88 155 79 153 ship 0.99
156 459 165 448 199 475 190 485 ship 0.95
90 79 98 80 96 109 87 108 ship 0.85
436 500 425 499 427 448 438 449 ship 0.78
98 14 109 16 98 80 87 78 ship 0.77
192 129 196 122 218 138 214 144 ship 0.22
37 358 44 363 33 379 26 374 ship 0.16
307 253 304 259 287 252 289 246 ship 0.12
143 0 143 4 124 4 124 0 ship 0.12
287 222 281 239 164 199 170 182 ship 0.1
303 138 301 147 265 138 268 129 ship 0.07
167 184 163 196 124 182 128 170 ship 0.06
249 172 253 165 270 173 267 181 ship 0.06
