268 48 285 32 360 109 343 126 ship 0.99
372 398 363 394 386 355 394 359 ship 0.99
319 355 306 367 236 297 249 285 ship 0.96
383 331 375 327 393 297 400 301 ship 0.89
294 470 281 462 310 415 323 423 ship 0.58
23 85 34 72 80 109 69 122 ship 0.5
359 145 353 147 342 123 348 121 ship 0.5
398 304 390 299 406 273 414 278 ship 0.38
68 279 75 273 93 295 86 301 ship 0.26
287 473 296 474 293 493 285 492 ship 0.26
461 99 468 99 466 127 460 127 ship 0.2
510 187 502 186 504 177 511 178 ship 0.17
258 483 251 480 265 454 271 457 ship 0.15
39 64 43 58 82 87 78 93 ship 0.11
188 392 176 399 152 358 164 351 ship 0.1
345 179 340 172 359 160 364 167 ship 0.08
146 369 141 372 129 347 134 345 ship 0.06
0 236 7 221 50 251 39 266 ship 0.06
10 70 17 60 32 70 25 80 ship 0.05
