131 298 124 292 145 268 152 274 ship 0.99
184 41 190 47 176 64 169 59 ship 0.97
321 325 329 319 351 352 343 357 ship 0.97
61 335 61 327 85 325 86 333 ship 0.74
340 419 339 410 353 409 354 418 ship 0.34
360 416 367 416 367 434 360 434 ship 0.28
128 388 135 390 132 404 125 403 ship 0.28
296 406 304 408 297 442 288 440 ship 0.24
274 512 267 511 279 476 287 479 ship 0.24
289 447 295 449 291 470 284 468 ship 0.21
134 475 123 475 125 436 136 437 ship 0.13
141 428 136 426 143 405 148 407 ship 0.13
33 301 49 305 33 373 17 370 ship 0.12
96 83 111 92 78 149 63 141 ship 0.11
53 44 59 48 48 63 42 59 ship 0.09
6 280 15 283 11 299 2 297 ship 0.09
