340 110 332 105 354 67 362 71 ship 0.99
294 499 286 507 266 486 274 478 ship 0.94
287 65 275 77 211 16 223 4 ship 0.94
367 0 375 3 350 47 342 43 ship 0.92
388 440 385 448 354 440 357 431 ship 0.88
337 426 328 434 284 384 292 376 ship 0.88
261 181 248 173 278 127 291 135 ship 0.53
464 343 466 333 512 346 512 356 ship 0.34
255 185 263 185 262 205 254 205 ship 0.19
230 166 237 169 228 194 220 191 ship 0.17
427 370 434 373 423 405 416 402 ship 0.13
162 113 149 121 118 71 131 63 ship 0.1
487 328 484 340 467 335 470 323 ship 0.09
