176 137 195 130 246 263 227 270 ship 1.0
173 94 162 98 142 50 153 45 ship 0.99
356 503 349 492 386 466 394 477 ship 0.95
46 259 38 254 57 223 64 228 ship 0.91
121 0 132 0 147 28 137 33 ship 0.84
41 149 46 145 60 167 54 170 ship 0.83
24 294 16 290 34 259 42 263 ship 0.82
40 80 32 83 21 54 29 51 ship 0.81
57 187 51 191 46 181 52 178 ship 0.21
275 320 267 322 261 304 268 301 ship 0.14
304 358 307 365 290 371 287 365 ship 0.13
192 95 188 97 179 79 183 77 ship 0.06
335 103 328 99 346 69 353 73 ship 0.06
361 4 368 3 375 31 368 32 ship 0.06
367 452 370 457 342 475 339 470 ship 0.05
