198 434 184 452 98 382 113 365 ship 1.0
119 120 128 122 120 155 111 153 ship 0.99
188 459 197 448 231 475 222 485 ship 0.95
122 79 131 80 128 109 119 108 ship 0.82
468 500 457 499 459 448 470 448 ship 0.81
130 14 141 16 130 80 119 78 ship 0.75
224 129 228 122 250 138 246 144 ship 0.22
68 358 75 362 66 378 59 374 ship 0.18
175 0 175 4 156 4 156 0 ship 0.12
339 253 336 259 319 252 321 246 ship 0.12
319 222 313 239 196 199 202 182 ship 0.1
335 138 333 147 297 138 300 129 ship 0.07
199 184 195 196 156 182 160 170 ship 0.06
281 172 285 165 302 173 299 181 ship 0.06
