26 144 18 139 41 100 49 105 ship 0.99
401 413 408 419 387 443 380 437 ship 0.99
241 393 236 408 153 378 159 363 ship 0.98
441 184 448 190 434 208 427 203 ship 0.97
61 18 70 23 38 80 30 76 ship 0.97
76 473 73 481 42 471 45 463 ship 0.87
316 479 316 470 341 469 342 478 ship 0.66
305 206 299 202 310 185 316 190 ship 0.37
114 404 121 406 111 439 104 436 ship 0.23
352 226 367 235 333 294 318 285 ship 0.11
292 512 277 509 289 445 304 448 ship 0.08
218 493 213 506 155 483 160 470 ship 0.07
122 406 128 407 125 430 118 429 ship 0.06
446 162 451 165 444 175 439 172 ship 0.06
163 399 167 387 267 424 263 436 ship 0.05
4 128 8 128 8 145 4 145 ship 0.05
