454 433 440 451 354 382 368 365 ship 1.0
375 120 384 122 377 155 367 153 ship 0.99
217 0 226 2 209 29 200 24 ship 0.94
445 458 453 448 487 475 479 485 ship 0.91
39 120 48 112 66 133 57 141 ship 0.87
378 79 387 80 384 109 375 108 ship 0.83
505 137 501 144 478 127 483 121 ship 0.81
386 14 397 16 386 80 375 78 ship 0.74
109 182 114 177 124 188 119 193 ship 0.6
249 296 258 299 253 313 244 309 ship 0.43
181 233 190 236 186 251 177 248 ship 0.22
510 164 501 164 503 152 511 153 ship 0.18
493 53 496 47 512 59 512 65 ship 0.16
325 358 331 362 321 378 314 374 ship 0.15
431 0 431 4 412 4 412 0 ship 0.13
451 122 450 131 423 128 424 119 ship 0.06
