242 292 250 282 298 324 290 334 ship 1.0
165 177 151 195 69 129 83 111 ship 1.0
459 370 448 375 428 327 439 323 ship 1.0
456 392 466 388 486 437 475 441 ship 0.99
157 202 165 192 199 218 190 229 ship 0.95
330 396 338 392 353 424 345 427 ship 0.93
427 194 440 195 437 245 424 244 ship 0.91
183 245 189 238 212 257 206 264 ship 0.81
371 512 365 512 353 493 359 490 ship 0.54
496 479 508 479 508 507 496 507 ship 0.27
25 430 39 435 8 512 0 509 ship 0.16
37 102 44 107 33 123 26 118 ship 0.13
512 34 506 64 392 27 401 0 ship 0.09
288 334 284 339 245 306 249 301 ship 0.05
438 11 441 0 485 14 481 24 ship 0.05
