26 112 18 107 41 68 49 73 ship 0.99
387 410 380 404 401 380 408 386 ship 0.99
241 361 235 376 153 346 159 331 ship 0.98
441 152 448 158 434 176 427 171 ship 0.97
75 440 73 449 42 439 45 431 ship 0.92
54 0 62 4 36 51 28 46 ship 0.92
319 448 319 439 341 439 342 447 ship 0.72
305 174 299 170 310 153 316 158 ship 0.36
114 372 121 374 111 406 104 404 ship 0.27
352 194 367 203 333 262 318 253 ship 0.11
122 374 128 375 125 398 118 397 ship 0.08
446 130 451 133 444 143 439 140 ship 0.06
130 377 147 334 258 379 240 422 ship 0.05
