340 142 331 138 354 99 362 103 ship 0.99
287 100 275 112 206 43 219 31 ship 0.95
373 19 381 24 351 78 343 73 ship 0.9
337 458 329 466 280 411 288 404 ship 0.83
388 473 385 481 355 471 358 463 ship 0.83
261 213 248 205 278 159 291 167 ship 0.52
464 375 466 365 512 378 512 388 ship 0.31
36 23 43 17 62 40 54 46 ship 0.29
255 217 263 217 262 237 254 237 ship 0.19
230 198 237 201 228 226 220 223 ship 0.17
162 145 149 153 119 103 132 95 ship 0.11
427 403 434 405 423 437 416 435 ship 0.1
487 360 484 372 467 367 470 355 ship 0.09
