242 260 250 250 298 292 290 302 ship 1.0
165 146 151 163 69 97 83 79 ship 1.0
459 338 448 343 428 295 439 290 ship 1.0
456 360 466 356 486 405 475 409 ship 0.99
157 170 165 160 199 186 190 197 ship 0.95
330 364 338 360 353 392 345 395 ship 0.93
427 162 440 163 437 213 424 212 ship 0.91
352 461 359 457 372 479 365 483 ship 0.86
183 213 189 206 212 225 206 232 ship 0.81
512 495 500 497 493 448 507 446 ship 0.37
370 500 363 504 357 493 364 490 ship 0.25
25 398 39 403 7 486 0 481 ship 0.17
37 70 44 75 33 91 26 86 ship 0.16
452 2 455 0 479 3 476 10 ship 0.06
478 13 480 2 512 8 510 19 ship 0.06
288 302 284 307 245 274 249 269 ship 0.05
480 19 475 34 390 7 395 0 ship 0.05
