99 298 92 292 113 268 120 274 ship 0.99
152 41 158 47 144 64 137 59 ship 0.97
289 325 297 319 319 352 311 357 ship 0.97
29 335 29 327 53 325 53 333 ship 0.91
308 419 307 410 321 409 322 418 ship 0.34
328 416 335 416 335 434 328 434 ship 0.28
95 388 103 389 100 404 93 403 ship 0.25
264 406 272 408 265 442 256 440 ship 0.24
0 340 0 332 22 334 21 343 ship 0.24
242 512 235 511 247 476 255 479 ship 0.24
257 447 263 449 259 470 252 468 ship 0.21
16 64 10 59 21 41 28 45 ship 0.13
109 428 104 426 111 405 116 407 ship 0.12
102 474 91 474 93 437 104 437 ship 0.1
64 83 79 92 46 149 30 140 ship 0.09
